MLP [2-6-5] 2024_11_03_20_18_25.txt

Number of epochs || MAPE_value_training || MAPE_value_validation

1		308.029		626.89
2		310.236		625.459
3		312.249		624.268
4		314.123		623.082
5		315.862		621.9
6		317.479		620.721
7		318.98		619.545
8		320.371		618.374
9		321.661		617.206
10		322.857		616.04
11		323.966		614.876
12		324.993		613.716
13		325.944		612.558
14		326.824		611.407
15		327.638		610.258
16		328.393		609.113
17		329.092		607.971
18		329.74		606.831
19		330.338		605.694
20		330.892		604.561
21		331.404		603.431
22		331.878		602.303
23		332.316		601.18
24		332.722		600.059
25		333.096		598.941
26		333.443		597.828
27		333.764		596.721
28		334.06		595.618
29		334.334		594.521
30		334.587		593.428
31		334.822		592.338
32		335.038		591.252
33		335.238		590.169
34		335.422		589.09
35		335.592		588.015
36		335.75		586.943
37		335.894		585.875
38		336.028		584.811
39		336.152		583.75
40		336.265		582.694
41		336.37		581.645
42		336.466		580.603
43		336.555		579.564
44		336.637		578.53
45		336.712		577.5
46		336.781		576.473
47		336.845		575.451
48		336.903		574.436
49		336.956		573.424
50		337.005		572.418
51		337.049		571.415
52		337.09		570.416
53		337.127		569.422
54		337.16		568.432
55		337.191		567.446
56		337.218		566.464
57		337.243		565.486
58		337.265		564.513
59		337.285		563.544
60		337.303		562.579
61		337.319		561.618
62		337.333		560.662
63		337.345		559.71
64		337.355		558.763
65		337.364		557.82
66		337.371		556.881
67		337.377		555.948
68		337.381		555.022
69		337.384		554.101
70		337.386		553.186
71		337.387		552.276
72		337.387		551.37
73		337.385		550.471
74		337.383		549.578
75		337.38		548.691
76		337.376		547.81
77		337.371		546.933
78		337.365		546.06
79		337.359		545.192
80		337.351		544.328
81		337.343		543.469
82		337.334		542.614
83		337.325		541.764
84		337.315		540.918
85		337.304		540.077
86		337.292		539.24
87		337.28		538.408
88		337.267		537.581
89		337.253		536.758
90		337.239		535.939
91		337.224		535.125
92		337.208		534.315
93		337.192		533.51
94		337.176		532.713
95		337.158		531.919
96		337.14		531.131
97		337.121		530.347
98		337.102		529.567
99		337.082		528.792
100		337.061		528.022


Vector_of_weights_training

Lp. || value

1		-0.654675
2		0.60728
3		0.0168022
4		0.251171
5		0.265919
6		0.0251614
7		-0.339928
8		-0.209105
9		-1.09957
10		0.441348
11		-0.0422589
12		0.745656
13		0.253533
14		-0.167618
15		-0.44909
16		0.327726
17		-0.558536
18		-0.289991
19		0.222396
20		0.268758
21		0.323742
22		0.0453351
23		-0.268753
24		-0.337815
25		0.490038
26		-0.138788
27		-0.231509
28		-0.292667
29		0.545501
30		0.0773537
31		0.353678
32		-0.194086
33		-0.397011
34		0.496732
35		0.433606
36		0.331958
37		-0.510929
38		0.122631
39		0.487739
40		-0.224977
41		-0.243842
42		-0.303506
43		-0.448938
44		0.358333
45		0.353747
46		0.396207
47		-0.397958
