MLP [2-1-1] 2024_11_03_20_26_31.txt

Number of epochs || MAPE_value_training || MAPE_value_validation

1		449.39		292.39
2		444.085		292.92
3		438.856		292.559
4		433.795		292.202
5		428.912		291.847
6		424.21		291.496
7		419.693		291.147
8		415.369		290.802
9		411.231		290.459
10		407.279		290.119
11		403.514		289.781
12		399.927		289.446
13		396.514		289.113
14		393.268		288.782
15		390.19		288.453
16		387.271		288.127
17		384.509		287.803
18		381.896		287.481
19		379.426		287.161
20		377.091		286.844
21		374.887		286.528
22		372.807		286.215
23		370.844		285.905
24		368.99		285.596
25		367.239		285.29
26		365.589		284.985
27		364.033		284.683
28		362.566		284.384
29		361.185		284.086
30		359.883		283.79
31		358.657		283.497
32		357.501		283.205
33		356.413		282.916
34		355.388		282.629
35		354.422		282.344
36		353.512		282.061
37		352.656		281.78
38		351.85		281.501
39		351.09		281.225
40		350.375		280.95
41		349.702		280.677
42		349.068		280.406
43		348.47		280.138
44		347.909		279.871
45		347.379		279.606
46		346.881		279.343
47		346.411		279.083
48		345.969		278.824
49		345.553		278.567
50		345.162		278.312
51		344.792		278.059
52		344.445		277.808
53		344.117		277.558
54		343.809		277.311
55		343.518		277.065
56		343.245		276.822
57		342.987		276.58
58		342.744		276.34
59		342.516		276.102
60		342.301		275.866
61		342.098		275.631
62		341.907		275.398
63		341.727		275.167
64		341.557		274.938
65		341.398		274.711
66		341.247		274.485
67		341.105		274.261
68		340.972		274.039
69		340.846		273.819
70		340.727		273.602
71		340.615		273.386
72		340.51		273.172
73		340.41		272.96
74		340.317		272.749
75		340.229		272.541
76		340.145		272.333
77		340.067		272.128
78		339.993		271.924
79		339.923		271.721
80		339.858		271.52
81		339.795		271.321
82		339.737		271.123
83		339.681		270.927
84		339.629		270.732
85		339.58		270.539
86		339.534		270.348
87		339.49		270.158
88		339.448		269.969
89		339.409		269.782
90		339.372		269.596
91		339.337		269.412
92		339.304		269.23
93		339.273		269.048
94		339.243		268.869
95		339.215		268.69
96		339.189		268.513
97		339.164		268.338
98		339.14		268.164
99		339.118		267.991
100		339.096		267.82


Vector_of_weights_training

Lp. || value

1		0.592188
2		0.00762013
3		-0.561853
4		0.241143


Vector_of_bias_weights_training

Lp. || value

1		0.112582
2		-0.220761
3		-0.609234


Vector_of_weights_validation

Lp. || value

1		0.22425
2		-0.300322
3		0.038594
4		-0.229665


Vector_of_bias_weights_validation

Lp. || value

1		-0.478989
2		0.515848
3		-0.195002
