MLP [2-6-5] 2024_11_03_20_22_32.txt

Number of epochs || MAPE_value_training || MAPE_value_validation

1		478.314		181.576
2		473.855		181.779
3		469.401		181.341
4		464.937		180.908
5		460.472		180.48
6		456.013		180.055
7		451.569		179.632
8		447.149		179.212
9		442.762		178.795
10		438.414		178.381
11		434.113		177.97
12		429.864		177.562
13		425.675		177.156
14		421.555		176.754
15		417.515		176.355
16		413.557		175.958
17		409.686		175.569
18		405.911		175.182
19		402.232		174.799
20		398.655		174.418
21		395.18		174.04
22		391.814		173.665
23		388.555		173.293
24		385.403		172.925
25		382.365		172.559
26		379.44		172.196
27		376.621		171.836
28		373.912		171.478
29		371.308		171.124
30		368.811		170.773
31		366.416		170.425
32		364.121		170.079
33		361.922		169.737
34		359.821		169.397
35		357.812		169.061
36		355.894		168.727
37		354.062		168.396
38		352.313		168.068
39		350.645		167.743
40		349.056		167.423
41		347.542		167.107
42		346.1		166.793
43		344.725		166.483
44		343.416		166.175
45		342.169		165.87
46		340.983		165.568
47		339.855		165.269
48		338.783		164.974
49		337.763		164.683
50		336.794		164.395
51		335.871		164.109
52		334.995		163.826
53		334.162		163.546
54		333.37		163.272
55		332.618		163
56		331.902		162.73
57		331.222		162.464
58		330.577		162.199
59		329.963		161.938
60		329.38		161.678
61		328.827		161.422
62		328.301		161.167
63		327.802		160.915
64		327.328		160.666
65		326.878		160.419
66		326.452		160.174
67		326.047		159.932
68		325.662		159.692
69		325.297		159.455
70		324.95		159.22
71		324.621		158.987
72		324.309		158.756
73		324.012		158.528
74		323.731		158.302
75		323.464		158.078
76		323.21		157.857
77		322.97		157.638
78		322.742		157.421
79		322.525		157.206
80		322.319		156.993
81		322.124		156.784
82		321.939		156.581
83		321.764		156.379
84		321.597		156.181
85		321.439		155.985
86		321.289		155.792
87		321.146		155.601
88		321.011		155.411
89		320.883		155.224
90		320.761		155.038
91		320.645		154.855
92		320.535		154.673
93		320.431		154.493
94		320.333		154.315
95		320.239		154.139
96		320.15		153.965
97		320.066		153.792
98		319.986		153.621
99		319.91		153.452
100		319.838		153.285


Vector_of_weights_training

Lp. || value

1		0.590107
2		-0.472304
3		-0.145975
4		-0.182707
5		-0.12025
6		0.15404
7		-0.3225
8		-0.210439
9		0.0392837
10		0.00353482
11		0.592814
12		0.210114
13		0.212276
14		-0.0505347
15		-0.463663
16		0.185387
17		0.212021
18		0.38116
19		0.0124547
20		-0.370964
21		-0.297967
22		-0.282005
23		-0.436684
24		-0.358667
25		0.0416435
26		0.351284
27		-0.240615
28		0.541454
29		-0.112558
30		-0.255692
31		0.137643
32		-0.230141
33		-0.42536
34		-0.395138
35		-0.121498
36		-0.212788
37		-0.649884
38		0.0656876
39		-0.353979
40		0.262339
41		-0.0906609
42		-0.548174
43		0.0739695
44		0.257724
45		-0.209008
46		0.0568473
47		0.44766


Vector_of_bias_weights_training

Lp. || value

1		-0.136813
2		-0.084927
3		-0.251047
4		0.345943
5		0.0214302
6		0.0920395
7		-0.251567
8		0.285868
9		-0.0235242
10		-0.500531
11		0.0563567
12		-0.524619


Vector_of_weights_validation

Lp. || value

1		-0.0708123
2		0.174103
3		-0.302093
4		-0.529937
5		-0.15737
6		0.275
7		-0.32504
8		0.236677
9		-0.293093
10		0.380409
11		0.482551
12		0.153083
13		-0.186077
14		-0.177064
15		-0.326118
16		0.227444
17		0.39018
18		-0.402327
19		0.357936
20		0.494758
21		0.0177776
22		-0.0989464
23		0.518179
24		0.101228
25		0.40358
26		0.182095
27		-0.504543
28		0.233921
29		-0.211755
30		-0.523474
31		0.118062
32		0.0967609
33		0.324551
34		0.0361172
35		0.0875911
36		-0.289877
37		-0.387455
38		0.542282
39		-0.0795245
40		0.209516
41		-0.344116
42		0.495611
43		-0.470206
44		-0.465878
45		0.259692
46		-0.44725
47		-0.429612


Vector_of_bias_weights_validation

Lp. || value

1		-0.212522
2		0.273151
3		-0.26518
4		-0.347596
5		-0.0420785
6		-0.257644
7		-0.101601
8		0.00860006
9		-0.350896
10		-0.0583702
11		-0.288377
12		-0.202003
