MLP [2-6-5] 2024_11_03_20_25_46.txt

Number of epochs || MAPE_value_training || MAPE_value_validation

1		421.629		466.819
2		416.683		466.283
3		411.908		465.434
4		407.361		464.587
5		403.03		463.741
6		398.908		462.895
7		394.986		462.051
8		391.254		461.207
9		387.697		460.364
10		384.314		459.524
11		381.092		458.687
12		378.021		457.85
13		375.095		457.015
14		372.31		456.181
15		369.661		455.348
16		367.139		454.517
17		364.737		453.687
18		362.452		452.858
19		360.277		452.031
20		358.207		451.207
21		356.238		450.386
22		354.365		449.569
23		352.583		448.758
24		350.886		447.952
25		349.27		447.149
26		347.731		446.347
27		346.265		445.547
28		344.871		444.752
29		343.545		443.963
30		342.285		443.179
31		341.086		442.4
32		339.946		441.624
33		338.86		440.853
34		337.828		440.084
35		336.846		439.318
36		335.912		438.553
37		335.023		437.792
38		334.178		437.035
39		333.373		436.282
40		332.608		435.53
41		331.88		434.782
42		331.188		434.035
43		330.528		433.292
44		329.901		432.551
45		329.305		431.815
46		328.737		431.082
47		328.197		430.353
48		327.684		429.625
49		327.196		428.901
50		326.731		428.179
51		326.288		427.461
52		325.868		426.745
53		325.468		426.032
54		325.087		425.322
55		324.725		424.614
56		324.38		423.91
57		324.052		423.209
58		323.739		422.511
59		323.442		421.816
60		323.159		421.124
61		322.889		420.435
62		322.633		419.749
63		322.388		419.067
64		322.156		418.388
65		321.935		417.711
66		321.724		417.039
67		321.523		416.369
68		321.332		415.703
69		321.15		415.04
70		320.977		414.38
71		320.812		413.723
72		320.655		413.071
73		320.506		412.424
74		320.364		411.781
75		320.229		411.141
76		320.1		410.505
77		319.977		409.871
78		319.86		409.242
79		319.749		408.615
80		319.643		407.992
81		319.543		407.373
82		319.447		406.757
83		319.355		406.145
84		319.268		405.536
85		319.185		404.931
86		319.106		404.329
87		319.031		403.73
88		318.959		403.135
89		318.891		402.544
90		318.826		401.956
91		318.764		401.372
92		318.705		400.791
93		318.649		400.214
94		318.595		399.64
95		318.544		399.07
96		318.495		398.504
97		318.449		397.94
98		318.405		397.381
99		318.362		396.825
100		318.322		396.272


Vector_of_weights_training

Lp. || value

1		0.333812
2		0.489875
3		0.0183158
4		-0.670825
5		0.565055
6		-0.168248
7		0.108721
8		-0.198775
9		0.40706
10		0.112937
11		0.603124
12		-0.0635944
13		-0.0117538
14		0.11639
15		0.288514
16		0.24784
17		-0.120652
18		0.198521
19		0.115112
20		-0.405889
21		0.097916
22		0.0764829
23		-0.636042
24		-0.43062
25		0.441204
26		-0.00729799
27		0.35655
28		0.402216
29		-0.142198
30		-0.310721
31		-0.0496493
32		0.256257
33		0.445323
34		0.40205
35		-0.285692
36		0.445168
37		0.37943
38		0.11465
39		0.051682
40		0.178679
41		-0.495043
42		-0.414046
43		-0.288018
44		0.575205
45		-0.286155
46		-0.104487
47		0.110306


Vector_of_bias_weights_training

Lp. || value

1		0.299796
2		0.377389
3		-0.121718
4		0.0849794
5		0.251839
6		-0.16901
7		0.217919
8		-0.0475807
9		-0.09562
10		0.243696
11		-0.279686
12		-0.275015


Vector_of_weights_validation

Lp. || value

1		0.394304
2		-0.413941
3		0.515558
4		0.249462
5		-0.0590005
6		-0.33873
7		-0.135464
8		0.46594
9		0.173772
10		0.318557
11		0.547559
12		0.308639
13		-0.257694
14		-0.508262
15		0.391471
16		0.411854
17		0.0165708
18		-0.50544
19		-0.0705776
20		0.199652
21		-0.284275
22		-0.0604947
23		0.520662
24		0.559068
25		-0.535393
26		-0.268188
27		-0.569201
28		-0.480987
29		-0.176303
30		-0.112591
31		-0.357397
32		0.0358124
33		-0.130271
34		-0.0334727
35		0.345029
36		-0.466835
37		0.399287
38		-0.0331121
39		-0.518596
40		0.364675
41		-0.18947
42		-0.0475918
43		0.00782416
44		-0.567616
45		0.395757
46		0.285155
47		0.1021


Vector_of_bias_weights_validation

Lp. || value

1		0.16415
2		0.223385
3		0.336806
4		0.131461
5		0.109826
6		-0.188236
7		0.0227876
8		0.43175
9		-0.0574179
10		-0.0810162
11		-0.386483
12		-0.148416
