MLP [2-6-5] 2024_11_03_20_24_41.txt

Number of epochs || MAPE_value_training || MAPE_value_validation

1		378.32		1224.89
2		374.54		1223.35
3		370.661		1221.59
4		366.711		1219.83
5		362.7		1218.05
6		358.637		1216.27
7		354.536		1214.48
8		350.411		1212.69
9		346.277		1210.89
10		342.141		1209.08
11		338.019		1207.27
12		333.924		1205.45
13		329.875		1203.62
14		325.881		1201.78
15		321.954		1199.94
16		318.106		1198.1
17		314.346		1196.24
18		310.684		1194.38
19		307.126		1192.51
20		303.675		1190.64
21		300.335		1188.76
22		297.113		1186.88
23		294.01		1184.99
24		291.027		1183.09
25		288.17		1181.19
26		285.435		1179.29
27		282.817		1177.38
28		280.317		1175.47
29		277.934		1173.55
30		275.665		1171.62
31		273.508		1169.69
32		271.458		1167.76
33		269.512		1165.81
34		267.667		1163.87
35		265.918		1161.92
36		264.262		1159.96
37		262.694		1158
38		261.21		1156.04
39		259.805		1154.07
40		258.476		1152.1
41		257.22		1150.13
42		256.036		1148.15
43		254.916		1146.17
44		253.861		1144.18
45		252.864		1142.19
46		251.924		1140.2
47		251.036		1138.21
48		250.2		1136.21
49		249.41		1134.21
50		248.664		1132.21
51		247.962		1130.2
52		247.299		1128.19
53		246.676		1126.18
54		246.087		1124.17
55		245.531		1122.15
56		245.007		1120.14
57		244.514		1118.12
58		244.048		1116.1
59		243.609		1114.08
60		243.195		1112.06
61		242.804		1110.04
62		242.437		1108.02
63		242.091		1106
64		241.764		1103.97
65		241.456		1101.95
66		241.165		1099.93
67		240.891		1097.9
68		240.634		1095.88
69		240.39		1093.86
70		240.161		1091.83
71		239.945		1089.81
72		239.741		1087.79
73		239.549		1085.77
74		239.368		1083.75
75		239.197		1081.73
76		239.036		1079.71
77		238.883		1077.7
78		238.74		1075.69
79		238.605		1073.68
80		238.477		1071.67
81		238.357		1069.67
82		238.243		1067.67
83		238.136		1065.67
84		238.035		1063.67
85		237.939		1061.68
86		237.849		1059.69
87		237.764		1057.7
88		237.684		1055.71
89		237.609		1053.73
90		237.537		1051.76
91		237.47		1049.78
92		237.406		1047.81
93		237.346		1045.85
94		237.289		1043.89
95		237.235		1041.93
96		237.184		1039.98
97		237.136		1038.03
98		237.091		1036.09
99		237.049		1034.15
100		237.008		1032.22


Vector_of_weights_training

Lp. || value

1		0.172189
2		-0.208178
3		0.285813
4		-0.3104
5		0.447565
6		-0.696406
7		0.149375
8		0.203081
9		0.274876
10		-0.163388
11		0.51455
12		-0.34241
13		-0.539729
14		-0.295548
15		-0.57794
16		-0.23721
17		-0.315094
18		-0.0138358
19		0.149331
20		0.101159
21		-0.690306
22		-0.527094
23		-0.460202
24		-0.191972
25		-0.328401
26		-0.232061
27		0.259166
28		-0.0264625
29		0.401276
30		0.419983
31		0.255491
32		-0.31178
33		-0.312766
34		0.0129562
35		-0.0784598
36		0.0287969
37		-0.0569959
38		-0.412211
39		-0.0714682
40		0.365208
41		-0.399375
42		-0.315052
43		0.112023
44		0.280699
45		-0.0231362
46		0.0509972
47		-0.0323725


Vector_of_bias_weights_training

Lp. || value

1		0.0768003
2		-0.0912401
3		0.472825
4		0.448032
5		0.0608909
6		-0.0298154
7		0.334986
8		-0.398897
9		0.482462
10		0.127949
11		0.00455723
12		-0.511874


Vector_of_weights_validation

Lp. || value

1		0.0670617
2		-0.235035
3		-0.23079
4		-0.36022
5		-0.13294
6		-0.27242
7		0.184245
8		-0.483045
9		0.156049
10		-0.168048
11		0.31061
12		-0.313678
13		0.158722
14		0.164978
15		-0.540651
16		-0.129812
17		-0.55232
18		0.346871
19		0.0568427
20		0.268541
21		0.241198
22		0.184296
23		0.309456
24		0.0889438
25		0.585358
26		0.501488
27		-0.255442
28		-0.287229
29		-0.142033
30		0.213989
31		-0.556657
32		0.230102
33		0.418092
34		-0.274019
35		-0.0764449
36		-0.524219
37		0.499947
38		-0.330231
39		0.213325
40		0.20971
41		0.151573
42		0.259776
43		0.335982
44		0.474929
45		-0.281679
46		0.343207
47		-0.147649


Vector_of_bias_weights_validation

Lp. || value

1		0.56726
2		-0.091114
3		-0.500897
4		-0.154489
5		0.324839
6		-0.0459567
7		0.203466
8		-0.589196
9		0.118474
10		0.00659129
11		0.294943
12		-0.327398
