MLP [2-6-5] 2024_11_03_20_25_55.txt

Number of epochs || MAPE_value_training || MAPE_value_validation

1		498.686		410.236
2		493.403		409.705
3		487.87		408.944
4		482.373		408.182
5		476.925		407.416
6		471.551		406.648
7		466.262		405.876
8		461.073		405.101
9		455.995		404.324
10		451.045		403.544
11		446.225		402.76
12		441.545		401.975
13		437.013		401.186
14		432.63		400.395
15		428.404		399.601
16		424.338		398.805
17		420.428		398.006
18		416.678		397.208
19		413.088		396.408
20		409.653		395.605
21		406.372		394.801
22		403.237		393.994
23		400.247		393.184
24		397.4		392.375
25		394.69		391.565
26		392.112		390.753
27		389.663		389.94
28		387.34		389.124
29		385.137		388.307
30		383.046		387.487
31		381.065		386.667
32		379.189		385.844
33		377.412		385.02
34		375.728		384.195
35		374.134		383.368
36		372.624		382.54
37		371.196		381.711
38		369.846		380.884
39		368.569		380.056
40		367.362		379.228
41		366.22		378.398
42		365.141		377.572
43		364.121		376.747
44		363.157		375.923
45		362.246		375.098
46		361.385		374.272
47		360.571		373.446
48		359.802		372.619
49		359.075		371.792
50		358.389		370.965
51		357.74		370.137
52		357.127		369.309
53		356.548		368.486
54		356.001		367.662
55		355.484		366.839
56		354.996		366.018
57		354.535		365.199
58		354.1		364.382
59		353.688		363.568
60		353.3		362.755
61		352.933		361.942
62		352.586		361.129
63		352.258		360.318
64		351.949		359.507
65		351.656		358.697
66		351.38		357.888
67		351.119		357.08
68		350.872		356.273
69		350.639		355.467
70		350.419		354.663
71		350.211		353.86
72		350.014		353.06
73		349.828		352.264
74		349.652		351.47
75		349.486		350.681
76		349.329		349.894
77		349.18		349.109
78		349.04		348.326
79		348.908		347.544
80		348.782		346.765
81		348.664		345.988
82		348.551		345.212
83		348.446		344.439
84		348.345		343.672
85		348.25		342.907
86		348.16		342.145
87		348.075		341.386
88		347.994		340.629
89		347.918		339.878
90		347.845		339.131
91		347.777		338.385
92		347.713		337.643
93		347.651		336.903
94		347.593		336.166
95		347.538		335.432
96		347.485		334.7
97		347.436		333.972
98		347.389		333.247
99		347.344		332.525
100		347.302		331.806


Vector_of_weights_training

Lp. || value

1		-0.400942
2		-0.232055
3		-0.084092
4		0.101598
5		-0.478726
6		0.445059
7		-0.638953
8		0.0216785
9		0.272882
10		-0.472499
11		0.213715
12		0.0983571
13		0.343323
14		-0.300595
15		-0.256068
16		0.0908817
17		-0.410642
18		-0.141972
19		0.391835
20		0.312779
21		0.188799
22		0.151668
23		-0.271659
24		0.26535
25		0.227878
26		0.486779
27		0.308303
28		0.446038
29		0.359735
30		0.339328
31		0.236073
32		-0.0646771
33		0.382356
34		0.298384
35		-0.512484
36		0.182633
37		-0.384874
38		0.0174762
39		-0.492632
40		0.205629
41		0.328354
42		-0.517906
43		0.0857588
44		0.359878
45		-0.0976136
46		0.561189
47		0.229743


Vector_of_bias_weights_training

Lp. || value

1		-0.40895
2		-0.257631
3		-0.196589
4		0.231588
5		-0.244123
6		-0.199429
7		-0.0122227
8		-0.334354
9		0.306696
10		-0.321466
11		0.30352
12		-0.534505


Vector_of_weights_validation

Lp. || value

1		0.41892
2		-0.412243
3		0.0395407
4		0.422807
5		-0.171886
6		-0.121744
7		0.517911
8		0.437819
9		0.000103486
10		0.204797
11		-0.180049
12		0.444705
13		-0.207945
14		-0.111999
15		0.0941726
16		-0.140997
17		0.0804836
18		0.345381
19		-0.33846
20		-0.457649
21		0.310566
22		0.325738
23		0.373839
24		0.336912
25		-0.452875
26		0.263856
27		-0.438341
28		-0.520727
29		-0.443376
30		-0.456267
31		-0.31779
32		0.142401
33		-0.409751
34		-0.442101
35		-0.565329
36		0.238473
37		-0.362516
38		0.0202287
39		0.26455
40		-0.0956189
41		0.424918
42		0.558074
43		-0.0157437
44		0.253585
45		0.380616
46		0.381363
47		-0.530145


Vector_of_bias_weights_validation

Lp. || value

1		0.0906221
2		0.357258
3		-0.0408797
4		-0.387399
5		0.6363
6		0.142617
7		0.376979
8		0.333659
9		0.193907
10		-0.487758
11		0.616753
12		-0.0228368
