MLP [2-6-5] 2024_11_03_20_25_50.txt

Number of epochs || MAPE_value_training || MAPE_value_validation

1		284.215		179.026
2		286.637		178.47
3		288.887		178.216
4		290.987		177.966
5		292.947		177.717
6		294.775		177.47
7		296.479		177.225
8		298.064		176.98
9		299.54		176.737
10		300.91		176.495
11		302.184		176.255
12		303.371		176.016
13		304.473		175.778
14		305.495		175.541
15		306.446		175.306
16		307.328		175.073
17		308.146		174.841
18		308.904		174.613
19		309.607		174.385
20		310.258		174.159
21		310.862		173.935
22		311.422		173.712
23		311.942		173.49
24		312.423		173.269
25		312.869		173.05
26		313.282		172.832
27		313.665		172.616
28		314.019		172.401
29		314.347		172.187
30		314.651		171.975
31		314.931		171.764
32		315.191		171.555
33		315.431		171.347
34		315.653		171.143
35		315.858		170.94
36		316.048		170.738
37		316.223		170.537
38		316.384		170.338
39		316.534		170.141
40		316.671		169.944
41		316.798		169.749
42		316.914		169.556
43		317.021		169.364
44		317.12		169.173
45		317.211		168.983
46		317.295		168.795
47		317.371		168.608
48		317.441		168.423
49		317.505		168.24
50		317.563		168.06
51		317.617		167.88
52		317.666		167.702
53		317.71		167.526
54		317.75		167.35
55		317.787		167.176
56		317.819		167.003
57		317.849		166.832
58		317.876		166.662
59		317.899		166.493
60		317.92		166.325
61		317.939		166.159
62		317.955		165.994
63		317.969		165.83
64		317.981		165.668
65		317.991		165.507
66		318		165.347
67		318.007		165.188
68		318.012		165.031
69		318.016		164.875
70		318.019		164.72
71		318.021		164.566
72		318.021		164.414
73		318.021		164.263
74		318.019		164.113
75		318.017		163.965
76		318.013		163.817
77		318.009		163.671
78		318.004		163.526
79		317.998		163.382
80		317.991		163.24
81		317.984		163.098
82		317.977		162.958
83		317.968		162.819
84		317.959		162.681
85		317.95		162.544
86		317.94		162.409
87		317.93		162.274
88		317.919		162.141
89		317.907		162.009
90		317.896		161.878
91		317.884		161.748
92		317.871		161.62
93		317.858		161.492
94		317.845		161.365
95		317.831		161.24
96		317.818		161.116
97		317.803		160.993
98		317.789		160.87
99		317.774		160.749
100		317.759		160.629


Vector_of_weights_training

Lp. || value

1		0.281541
2		-0.474304
3		-0.840541
4		0.519616
5		0.886531
6		-0.1027
7		-0.164106
8		0.256311
9		0.174162
10		-0.227494
11		-0.280697
12		-0.253977
13		-0.217551
14		-0.307154
15		0.161702
16		0.384022
17		-0.324185
18		0.0774811
19		-0.37682
20		0.226217
21		0.166399
22		0.127825
23		0.365341
24		-0.0589467
25		-0.485754
26		0.468462
27		-0.439289
28		-0.0850032
29		-0.362795
30		0.358271
31		0.297786
32		0.316206
33		0.385158
34		-0.190173
35		0.0531627
36		0.403192
37		0.0791947
38		0.265191
39		-0.429714
40		-0.0543188
41		-0.202159
42		-0.191393
43		-0.37142
44		0.419653
45		0.385993
46		-0.258969
47		0.396325


Vector_of_bias_weights_training

Lp. || value

1		-0.128158
2		-0.0344067
3		-0.3979
4		0.066122
5		0.0258241
6		0.378893
7		0.136668
8		-0.236485
9		-0.114168
10		0.325525
11		0.416374
12		-0.272719


Vector_of_weights_validation

Lp. || value

1		0.0540702
2		0.187698
3		0.0416044
4		-0.0538197
5		-0.0889268
6		-0.510531
7		0.404214
8		-0.139549
9		-0.379538
10		-0.106134
11		-0.238334
12		0.374145
13		-0.0634656
14		-0.345379
15		-0.525608
16		0.339545
17		0.136244
18		0.380798
19		0.31074
20		-0.438165
21		0.192379
22		-0.373685
23		-0.372345
24		-0.228715
25		-0.345252
26		0.387612
27		0.108923
28		-0.194618
29		0.286894
30		-0.202932
31		-0.17699
32		0.0192925
33		0.0251518
34		-0.489366
35		0.112263
36		0.455109
37		0.206122
38		0.437256
39		-0.417347
40		-0.0584429
41		0.14849
42		-0.442045
43		0.47274
44		0.312708
45		-0.157325
46		0.452008
47		0.517699


Vector_of_bias_weights_validation

Lp. || value

1		0.386695
2		0.487471
3		0.467978
4		0.0155589
5		0.00176296
6		-0.0661853
7		-0.0851486
8		0.413279
9		-0.18346
10		0.398022
11		0.126119
12		-0.579593
