1 0.222227
2 0.183205
3 0.144094
4 0.112348
5 0.0905915
6 0.0763111
7 0.0662993
8 0.0586248
9 0.052371
10 0.0471101
11 0.0426162
12 0.0387456
13 0.0353931
14 0.032475
15 0.029923
16 0.0276806
17 0.0257011
18 0.0239456
19 0.022382
20 0.0209834
21 0.0197274
22 0.0185952
23 0.017571
24 0.0166413
25 0.0157947
26 0.0150217
27 0.0143137
28 0.0136636
29 0.0130653
30 0.0125133
31 0.012003
32 0.0115301
33 0.0110912
34 0.010683
35 0.0103028
36 0.00994795
37 0.00961633
38 0.00930595
39 0.00901503
40 0.00874199
41 0.00848541
42 0.008244
43 0.0080166
44 0.00780216
45 0.00759972
46 0.00740843
47 0.0072275
48 0.00705619
49 0.00689387
50 0.00673992
51 0.00659379
52 0.00645499
53 0.00632303
54 0.0061975
55 0.00607799
56 0.00596415
57 0.00585562
58 0.00575211
59 0.00565331
60 0.00555896
61 0.00546881
62 0.00538262
63 0.00530018
64 0.00522127
65 0.00514573
66 0.00507336
67 0.005004
68 0.00493749
69 0.0048737
70 0.00481248
71 0.00475371
72 0.00469727
73 0.00464304
74 0.00459091
75 0.0045408
76 0.0044926
77 0.00444622
78 0.00440158
79 0.00435861
80 0.00431722
81 0.00427735
82 0.00423893
83 0.00420189
84 0.00416618
85 0.00413174
86 0.00409851
87 0.00406644
88 0.00403549
89 0.00400561
90 0.00397675
91 0.00394888
92 0.00392195
93 0.00389593
94 0.00387077
95 0.00384645
96 0.00382294
97 0.00380019
98 0.00377819
99 0.0037569
100 0.0037363
