MLP_2-3-2__100_Epochs_2024_11_12_00_19_50.txt

MAPE_training(100): 110.584
MAPE_validation(100): 123.863

Number of epochs || MAPE_value_training || MAPE_value_validation

1		109.022		119.944
2		113.427		122.341
3		115.221		123.544
4		115.948		124.184
5		116.242		124.527
6		116.36		124.711
7		116.407		124.809
8		116.425		124.861
9		116.43		124.887
10		116.431		124.899
11		116.43		124.905
12		116.428		124.906
13		116.426		124.904
14		116.423		124.902
15		116.42		124.899
16		116.418		124.896
17		116.415		124.892
18		116.412		124.888
19		116.409		124.884
20		116.406		124.88
21		116.402		124.876
22		116.399		124.872
23		116.396		124.868
24		116.392		124.864
25		116.388		124.86
26		116.385		124.856
27		116.381		124.852
28		116.376		124.847
29		116.372		124.843
30		116.368		124.839
31		116.363		124.834
32		116.358		124.83
33		116.353		124.825
34		116.348		124.821
35		116.342		124.816
36		116.337		124.811
37		116.331		124.806
38		116.324		124.801
39		116.318		124.796
40		116.311		124.791
41		116.303		124.786
42		116.296		124.78
43		116.288		124.775
44		116.279		124.769
45		116.271		124.764
46		116.261		124.758
47		116.252		124.752
48		116.241		124.746
49		116.231		124.739
50		116.219		124.733
51		116.207		124.726
52		116.194		124.719
53		116.181		124.712
54		116.167		124.705
55		116.152		124.698
56		116.136		124.69
57		116.119		124.683
58		116.101		124.675
59		116.082		124.666
60		116.062		124.658
61		116.04		124.649
62		116.017		124.64
63		115.993		124.631
64		115.967		124.621
65		115.94		124.612
66		115.911		124.601
67		115.88		124.591
68		115.846		124.58
69		115.811		124.569
70		115.772		124.557
71		115.732		124.545
72		115.688		124.532
73		115.641		124.52
74		115.591		124.506
75		115.537		124.492
76		115.479		124.478
77		115.416		124.463
78		115.349		124.447
79		115.276		124.431
80		115.197		124.414
81		115.112		124.396
82		115.02		124.378
83		114.92		124.359
84		114.811		124.339
85		114.693		124.319
86		114.565		124.297
87		114.425		124.275
88		114.271		124.251
89		114.103		124.226
90		113.919		124.201
91		113.716		124.174
92		113.493		124.146
93		113.247		124.116
94		112.975		124.085
95		112.674		124.052
96		112.339		124.018
97		111.968		123.982
98		111.554		123.944
99		111.094		123.905
100		110.584		123.863


Vector_of_weights_training

Lp. || value

1		-2.04007
2		2.47135
3		0.934357
4		-0.905732
5		-0.733475
6		0.349363
7		1.23637
8		-0.94561
9		0.115022
10		0.719163
11		-0.0387346
12		0.217649
13		-0.736773
14		-0.392949


Vector_of_bias_weights_training

Lp. || value

1		-0.833098
2		-0.154958
3		-0.439445
4		-0.363517
5		0.0397056
6		0.112722


Vector_of_weights_validation

Lp. || value

1		0.444869
2		-0.469411
3		0.108092
4		0.0761681
5		-1.25766
6		0.568308
7		-0.369335
8		-0.0894486
9		0.669029
10		-0.0707032
11		0.470627
12		-0.484738
13		-0.436732
14		0.0581045


Vector_of_bias_weights_validation

Lp. || value

1		0.151392
2		-0.0479308
3		0.0332111
4		-0.141521
5		-0.182292
6		0.057198
