MLP_2-3-2__100_Epochs_2024_11_12_00_06_26.txt

MAPE_training(100): 130.777
MAPE_validation(100): 227.202

Number of epochs || MAPE_value_training || MAPE_value_validation

1		186.818		235.807
2		162.033		231.824
3		145.061		229.66
4		136.762		228.473
5		133.245		227.826
6		131.814		227.475
7		131.239		227.285
8		131.008		227.182
9		130.915		227.126
10		130.877		227.096
11		130.861		227.08
12		130.854		227.072
13		130.85		227.067
14		130.848		227.065
15		130.847		227.065
16		130.845		227.064
17		130.844		227.065
18		130.843		227.065
19		130.841		227.065
20		130.84		227.066
21		130.839		227.067
22		130.838		227.068
23		130.837		227.068
24		130.836		227.069
25		130.835		227.07
26		130.834		227.071
27		130.833		227.072
28		130.832		227.073
29		130.831		227.074
30		130.83		227.075
31		130.829		227.076
32		130.828		227.077
33		130.827		227.078
34		130.826		227.079
35		130.825		227.081
36		130.824		227.082
37		130.823		227.083
38		130.823		227.084
39		130.822		227.086
40		130.821		227.087
41		130.82		227.088
42		130.819		227.089
43		130.819		227.091
44		130.818		227.092
45		130.817		227.094
46		130.816		227.095
47		130.815		227.097
48		130.815		227.098
49		130.814		227.1
50		130.813		227.101
51		130.813		227.103
52		130.812		227.104
53		130.811		227.106
54		130.81		227.107
55		130.81		227.109
56		130.809		227.111
57		130.808		227.112
58		130.808		227.114
59		130.807		227.116
60		130.806		227.118
61		130.805		227.12
62		130.805		227.121
63		130.804		227.123
64		130.803		227.125
65		130.803		227.127
66		130.802		227.129
67		130.802		227.131
68		130.801		227.132
69		130.8		227.135
70		130.799		227.136
71		130.799		227.138
72		130.798		227.14
73		130.797		227.142
74		130.797		227.144
75		130.796		227.146
76		130.795		227.148
77		130.795		227.151
78		130.794		227.153
79		130.793		227.155
80		130.793		227.157
81		130.792		227.159
82		130.791		227.161
83		130.79		227.163
84		130.79		227.166
85		130.789		227.168
86		130.788		227.17
87		130.787		227.172
88		130.787		227.175
89		130.786		227.177
90		130.785		227.179
91		130.784		227.181
92		130.784		227.184
93		130.783		227.186
94		130.782		227.188
95		130.781		227.191
96		130.781		227.193
97		130.78		227.195
98		130.779		227.197
99		130.778		227.2
100		130.777		227.202


Vector_of_weights_training

Lp. || value

1		0.0757097
2		0.0849641
3		0.119228
4		-0.152927
5		0.126334
6		0.115536
7		0.0420061
8		-0.396419
9		0.294192
10		0.0748074
11		-0.327039
12		-0.200277
13		-0.0511639
14		-0.198617


Vector_of_bias_weights_training

Lp. || value

1		-0.227581
2		0.244218
3		0.292977
4		0.201989
5		0.22752
6		-0.227735


Vector_of_weights_validation

Lp. || value

1		-0.466507
2		0.66599
3		0.0275964
4		0.25023
5		-0.0173376
6		-0.58747
7		-0.408606
8		-0.335459
9		0.257846
10		0.496744
11		-0.0138586
12		-0.349285
13		-0.0148215
14		-0.366366


Vector_of_bias_weights_validation

Lp. || value

1		-0.170819
2		-0.395734
3		0.160386
4		0.5046
5		0.375388
6		-0.253431
