MLP_2-3-2__100_Epochs_2024_11_12_00_12_03.txt

MAPE_training(100): 92.3949
MAPE_validation(100): 266.997

Number of epochs || MAPE_value_training || MAPE_value_validation

1		248.906		365.626
2		248.123		337.391
3		247.79		318.914
4		247.649		307.871
5		247.573		301.503
6		247.52		297.855
7		247.474		295.769
8		247.43		294.58
9		247.385		293.901
10		247.338		293.512
11		247.29		293.288
12		247.239		293.158
13		247.186		293.081
14		247.131		293.034
15		247.072		293.003
16		247.01		292.983
17		246.944		292.969
18		246.874		292.957
19		246.799		292.947
20		246.719		292.938
21		246.633		292.929
22		246.542		292.92
23		246.443		292.911
24		246.336		292.902
25		246.221		292.893
26		246.095		292.884
27		245.959		292.874
28		245.81		292.864
29		245.648		292.854
30		245.47		292.843
31		245.273		292.832
32		245.056		292.821
33		244.816		292.809
34		244.548		292.796
35		244.249		292.783
36		243.914		292.77
37		243.536		292.756
38		243.109		292.741
39		242.622		292.726
40		242.066		292.709
41		241.426		292.693
42		240.686		292.675
43		239.826		292.657
44		238.82		292.637
45		237.639		292.616
46		236.248		292.595
47		234.602		292.571
48		232.655		292.547
49		230.351		292.52
50		227.635		292.492
51		224.449		292.463
52		220.741		292.432
53		216.475		292.398
54		211.632		292.362
55		206.214		292.324
56		200.27		292.283
57		193.875		292.239
58		187.146		292.191
59		180.204		292.14
60		173.211		292.085
61		166.317		292.026
62		159.633		291.962
63		153.269		291.892
64		147.299		291.816
65		141.758		291.735
66		136.67		291.646
67		132.02		291.549
68		127.822		291.444
69		124.033		291.328
70		120.61		291.203
71		117.553		291.065
72		114.808		290.914
73		112.34		290.75
74		110.141		290.569
75		108.18		290.371
76		106.424		290.153
77		104.85		289.914
78		103.436		289.651
79		102.166		289.361
80		101.022		289.041
81		99.9923		288.689
82		99.0672		288.301
83		98.2354		287.872
84		97.4851		287.397
85		96.8112		286.872
86		96.2082		286.291
87		95.6701		285.647
88		95.1915		284.932
89		94.7642		284.138
90		94.383		283.255
91		94.044		282.273
92		93.7431		281.18
93		93.4778		279.964
94		93.2453		278.614
95		93.0421		277.114
96		92.8664		275.456
97		92.7162		273.625
98		92.5886		271.611
99		92.4819		269.405
100		92.3949		266.997


Vector_of_weights_training

Lp. || value

1		2.85318
2		-2.99838
3		3.70076
4		-3.94132
5		-4.33063
6		4.34647
7		-1.13465
8		-2.21116
9		2.42981
10		-1.52055
11		-1.87411
12		2.21541
13		-2.22195
14		-2.03383


Vector_of_bias_weights_training

Lp. || value

1		-0.161649
2		0.191932
3		-0.869
4		-0.513024
5		-0.324868
6		0.572767


Vector_of_weights_validation

Lp. || value

1		-2.74626
2		2.58729
3		1.11968
4		-1.36784
5		0.945048
6		-0.608659
7		-1.42444
8		0.439043
9		0.213028
10		1.74076
11		-1.01893
12		-0.737764
13		0.844197
14		-1.31314


Vector_of_bias_weights_validation

Lp. || value

1		-0.641633
2		-0.117872
3		-0.163087
4		-0.21988
5		-0.308563
6		-0.634452
