MLP_2-3-2__100_Epochs_2024_11_12_00_19_12.txt

MAPE_training(100): 70.9634
MAPE_validation(100): 230.384

Number of epochs || MAPE_value_training || MAPE_value_validation

1		137.041		277.776
2		131.553		258.613
3		129.328		246.583
4		128.457		239.859
5		128.119		236.316
6		127.987		234.48
7		127.934		233.534
8		127.91		233.046
9		127.897		232.793
10		127.888		232.66
11		127.881		232.587
12		127.875		232.545
13		127.868		232.519
14		127.861		232.5
15		127.854		232.487
16		127.846		232.475
17		127.839		232.464
18		127.83		232.455
19		127.822		232.445
20		127.813		232.437
21		127.803		232.428
22		127.793		232.42
23		127.782		232.412
24		127.771		232.404
25		127.758		232.396
26		127.745		232.389
27		127.731		232.381
28		127.716		232.373
29		127.7		232.366
30		127.683		232.359
31		127.664		232.352
32		127.644		232.345
33		127.623		232.338
34		127.599		232.331
35		127.574		232.323
36		127.546		232.317
37		127.517		232.309
38		127.484		232.302
39		127.449		232.295
40		127.411		232.288
41		127.369		232.281
42		127.323		232.274
43		127.273		232.266
44		127.218		232.259
45		127.158		232.251
46		127.091		232.244
47		127.018		232.236
48		126.937		232.228
49		126.847		232.219
50		126.748		232.211
51		126.638		232.203
52		126.514		232.194
53		126.377		232.184
54		126.223		232.175
55		126.05		232.165
56		125.855		232.155
57		125.635		232.145
58		125.386		232.134
59		125.103		232.123
60		124.782		232.111
61		124.416		232.099
62		123.998		232.087
63		123.517		232.073
64		122.963		232.06
65		122.324		232.046
66		121.585		232.03
67		120.729		232.015
68		119.738		231.998
69		118.594		231.981
70		117.28		231.963
71		115.785		231.944
72		114.108		231.924
73		112.266		231.902
74		110.261		231.88
75		108.115		231.857
76		105.855		231.832
77		103.517		231.805
78		101.119		231.777
79		98.7032		231.748
80		96.3026		231.716
81		93.9594		231.683
82		91.74		231.648
83		89.6336		231.611
84		87.6508		231.571
85		85.8128		231.528
86		84.1171		231.484
87		82.555		231.435
88		81.1209		231.384
89		79.8017		231.329
90		78.59		231.27
91		77.4759		231.207
92		76.46		231.14
93		75.533		231.068
94		74.6862		230.99
95		73.9091		230.907
96		73.2041		230.817
97		72.5632		230.721
98		71.9821		230.617
99		71.4492		230.505
100		70.9634		230.384


Vector_of_weights_training

Lp. || value

1		-6.29579
2		7.05694
3		-6.00774
4		6.56306
5		4.27846
6		-5.43586
7		2.01068
8		2.21808
9		-2.28992
10		-3.39692
11		-2.68536
12		1.89641
13		-2.07736
14		3.34771


Vector_of_bias_weights_training

Lp. || value

1		-1.57735
2		-1.29797
3		0.515684
4		-1.41058
5		1.65492
6		0.616739


Vector_of_weights_validation

Lp. || value

1		-0.251379
2		-0.223422
3		0.451105
4		-1.19691
5		0.406835
6		-0.525103
7		0.17016
8		-0.694415
9		-0.282716
10		-0.334321
11		-0.0153729
12		-0.0999702
13		-0.63438
14		-0.318343


Vector_of_bias_weights_validation

Lp. || value

1		0.108299
2		-0.282782
3		-0.358763
4		0.16059
5		-0.312931
6		0.103631
