MLP_2-3-2__100_Epochs_2024_11_12_00_14_29.txt

MAPE_training(100): 105.543
MAPE_validation(100): 262.97

Number of epochs || MAPE_value_training || MAPE_value_validation

1		122.683		272.141
2		112.652		270.719
3		108.413		269.943
4		106.71		269.525
5		106.027		269.3
6		105.754		269.178
7		105.644		269.111
8		105.6		269.074
9		105.582		269.053
10		105.575		269.04
11		105.572		269.032
12		105.571		269.027
13		105.57		269.023
14		105.57		269.02
15		105.57		269.017
16		105.57		269.015
17		105.57		269.013
18		105.57		269.011
19		105.569		269.01
20		105.569		269.008
21		105.569		269.007
22		105.569		269.006
23		105.569		269.005
24		105.569		269.004
25		105.569		269.004
26		105.569		269.003
27		105.568		269.002
28		105.568		269.002
29		105.568		269.001
30		105.568		269.001
31		105.568		269.001
32		105.568		269
33		105.568		269
34		105.567		269
35		105.567		269
36		105.567		269
37		105.567		269
38		105.567		269
39		105.567		269
40		105.567		269
41		105.567		269
42		105.566		269
43		105.566		269
44		105.566		268.999
45		105.566		268.998
46		105.566		268.998
47		105.566		268.996
48		105.566		268.995
49		105.566		268.994
50		105.566		268.992
51		105.565		268.99
52		105.565		268.987
53		105.565		268.984
54		105.565		268.98
55		105.565		268.975
56		105.565		268.97
57		105.565		268.964
58		105.565		268.958
59		105.565		268.95
60		105.565		268.941
61		105.565		268.931
62		105.565		268.919
63		105.565		268.907
64		105.565		268.892
65		105.565		268.876
66		105.565		268.858
67		105.565		268.837
68		105.565		268.815
69		105.565		268.79
70		105.565		268.762
71		105.566		268.731
72		105.566		268.697
73		105.566		268.66
74		105.566		268.618
75		105.566		268.573
76		105.566		268.523
77		105.567		268.468
78		105.567		268.408
79		105.567		268.341
80		105.567		268.269
81		105.567		268.189
82		105.567		268.101
83		105.568		268.004
84		105.568		267.898
85		105.568		267.78
86		105.568		267.651
87		105.568		267.507
88		105.567		267.347
89		105.567		267.17
90		105.567		266.972
91		105.566		266.751
92		105.565		266.504
93		105.564		266.226
94		105.563		265.914
95		105.561		265.561
96		105.559		265.163
97		105.556		264.713
98		105.552		264.203
99		105.548		263.625
100		105.543		262.97


Vector_of_weights_training

Lp. || value

1		0.510864
2		-0.645337
3		0.277234
4		0.238727
5		-1.76668
6		2.09375
7		0.116329
8		0.206576
9		-0.245674
10		-0.630854
11		-0.0497198
12		1.29093
13		0.174898
14		-0.730601


Vector_of_bias_weights_training

Lp. || value

1		0.251022
2		-0.409585
3		-0.673177
4		-0.222978
5		-0.313191
6		-0.374396


Vector_of_weights_validation

Lp. || value

1		2.2466
2		-3.0627
3		2.64167
4		-3.37526
5		-1.41374
6		1.49969
7		-0.205693
8		-0.492139
9		0.22404
10		-1.77662
11		-1.9954
12		1.10124
13		-0.350176
14		-1.61736


Vector_of_bias_weights_validation

Lp. || value

1		-0.0175856
2		-0.0441013
3		-0.410391
4		-0.160169
5		0.53678
6		-0.0661292
