MLP_2-3-2__100_Epochs_2024_11_11_23_58_16.txt

MAPE_training(100): 178.789
MAPE_validation(100): 134.993

Number of epochs || MAPE_value_training || MAPE_value_validation

1		264.561		138.917
2		238.083		138.675
3		220.321		138.551
4		210.172		138.479
5		204.826		138.438
6		202.094		138.413
7		200.707		138.398
8		200.004		138.388
9		199.649		138.381
10		199.469		138.375
11		199.378		138.371
12		199.331		138.367
13		199.307		138.364
14		199.294		138.36
15		199.286		138.357
16		199.282		138.354
17		199.278		138.35
18		199.275		138.347
19		199.273		138.344
20		199.271		138.341
21		199.268		138.337
22		199.265		138.334
23		199.263		138.33
24		199.26		138.327
25		199.257		138.323
26		199.254		138.32
27		199.251		138.316
28		199.248		138.312
29		199.244		138.308
30		199.241		138.304
31		199.237		138.3
32		199.233		138.295
33		199.229		138.291
34		199.224		138.286
35		199.219		138.282
36		199.214		138.277
37		199.209		138.272
38		199.203		138.266
39		199.197		138.261
40		199.191		138.255
41		199.184		138.249
42		199.176		138.243
43		199.168		138.237
44		199.16		138.23
45		199.151		138.223
46		199.141		138.215
47		199.131		138.208
48		199.119		138.199
49		199.107		138.191
50		199.094		138.182
51		199.08		138.173
52		199.065		138.163
53		199.049		138.152
54		199.031		138.141
55		199.012		138.13
56		198.991		138.118
57		198.968		138.105
58		198.943		138.091
59		198.916		138.077
60		198.887		138.062
61		198.855		138.046
62		198.82		138.029
63		198.782		138.011
64		198.74		137.992
65		198.695		137.971
66		198.645		137.95
67		198.591		137.927
68		198.531		137.903
69		198.465		137.877
70		198.393		137.849
71		198.314		137.82
72		198.227		137.789
73		198.131		137.755
74		198.026		137.72
75		197.909		137.682
76		197.779		137.641
77		197.636		137.598
78		197.478		137.552
79		197.301		137.502
80		197.105		137.449
81		196.886		137.392
82		196.641		137.331
83		196.368		137.266
84		196.06		137.196
85		195.714		137.121
86		195.324		137.04
87		194.882		136.954
88		194.381		136.861
89		193.811		136.761
90		193.164		136.653
91		192.423		136.538
92		191.576		136.413
93		190.604		136.279
94		189.492		136.134
95		188.22		135.978
96		186.762		135.81
97		185.098		135.629
98		183.219		135.433
99		181.118		135.221
100		178.789		134.993


Vector_of_weights_training

Lp. || value

1		-4.7773
2		5.03471
3		1.60876
4		-2.58804
5		-1.52746
6		1.5288
7		-1.57988
8		0.650502
9		-0.962222
10		2.9313
11		-1.50403
12		0.0770904
13		1.01166
14		-1.98683


Vector_of_bias_weights_training

Lp. || value

1		-0.734825
2		-0.0351134
3		-0.275745
4		0.149869
5		-1.10803
6		-0.636859


Vector_of_weights_validation

Lp. || value

1		0.525261
2		-0.359041
3		-1.16887
4		0.843123
5		-1.50573
6		1.491
7		0.217475
8		-0.736472
9		-1.11815
10		-0.479932
11		0.491914
12		0.434288
13		0.639094
14		-0.270815


Vector_of_bias_weights_validation

Lp. || value

1		-0.171504
2		-0.140611
3		-0.430559
4		0.194574
5		-0.0277181
6		-0.520306
