MLP_2-3-2__2000_Epochs_2025_08_07_18_47_10.txt

MAPE_training(2000): 63.1316
MAPE_validation(2000): 29.2933

Number of epochs || MAPE_value_training || MAPE_value_validation

1		201.375		158.979
2		194.23		155.218
3		191.89		153.501
4		191.147		152.729
5		190.912		152.382
6		190.837		152.225
7		190.811		152.154
8		190.802		152.122
9		190.798		152.107
10		190.795		152.1
11		190.793		152.096
12		190.79		152.094
13		190.788		152.092
14		190.786		152.091
15		190.783		152.09
16		190.78		152.088
17		190.778		152.087
18		190.775		152.086
19		190.772		152.085
20		190.769		152.084
21		190.766		152.083
22		190.762		152.081
23		190.759		152.08
24		190.755		152.079
25		190.752		152.078
26		190.748		152.076
27		190.744		152.075
28		190.739		152.074
29		190.735		152.072
30		190.73		152.071
31		190.726		152.069
32		190.721		152.068
33		190.716		152.066
34		190.71		152.065
35		190.704		152.063
36		190.698		152.062
37		190.692		152.06
38		190.686		152.058
39		190.679		152.057
40		190.672		152.055
41		190.664		152.053
42		190.656		152.051
43		190.648		152.05
44		190.64		152.048
45		190.63		152.046
46		190.621		152.044
47		190.611		152.042
48		190.601		152.04
49		190.59		152.038
50		190.578		152.036
51		190.566		152.034
52		190.553		152.031
53		190.539		152.029
54		190.525		152.027
55		190.51		152.024
56		190.494		152.022
57		190.478		152.019
58		190.46		152.017
59		190.442		152.014
60		190.422		152.012
61		190.401		152.009
62		190.379		152.006
63		190.356		152.003
64		190.331		152.001
65		190.305		151.998
66		190.277		151.994
67		190.248		151.991
68		190.216		151.988
69		190.183		151.985
70		190.148		151.981
71		190.11		151.978
72		190.069		151.974
73		190.026		151.971
74		189.98		151.967
75		189.931		151.963
76		189.878		151.959
77		189.821		151.955
78		189.76		151.951
79		189.695		151.946
80		189.624		151.942
81		189.549		151.938
82		189.467		151.933
83		189.378		151.928
84		189.282		151.923
85		189.178		151.918
86		189.065		151.913
87		188.943		151.907
88		188.809		151.902
89		188.663		151.896
90		188.504		151.89
91		188.329		151.884
92		188.138		151.878
93		187.928		151.871
94		187.696		151.865
95		187.441		151.858
96		187.159		151.85
97		186.847		151.843
98		186.501		151.835
99		186.118		151.827
100		185.692		151.819
101		185.219		151.811
102		184.692		151.802
103		184.105		151.793
104		183.45		151.784
105		182.721		151.774
106		181.91		151.764
107		181.009		151.754
108		180.007		151.743
109		178.896		151.731
110		177.666		151.72
111		176.308		151.708
112		174.816		151.695
113		173.183		151.682
114		171.411		151.668
115		169.497		151.654
116		167.451		151.639
117		165.276		151.624
118		162.979		151.608
119		160.579		151.591
120		158.096		151.574
121		155.556		151.556
122		152.966		151.537
123		150.356		151.517
124		147.757		151.496
125		145.191		151.474
126		142.681		151.452
127		140.243		151.428
128		137.885		151.403
129		135.618		151.377
130		133.458		151.35
131		131.401		151.321
132		129.45		151.291
133		127.615		151.259
134		125.889		151.226
135		124.265		151.191
136		122.75		151.155
137		121.334		151.116
138		120.018		151.075
139		118.796		151.032
140		117.656		150.987
141		116.593		150.939
142		115.601		150.889
143		114.676		150.835
144		113.816		150.779
145		113.018		150.72
146		112.276		150.657
147		111.588		150.59
148		110.948		150.519
149		110.35		150.444
150		109.794		150.365
151		109.276		150.28
152		108.795		150.191
153		108.347		150.095
154		107.933		149.994
155		107.548		149.886
156		107.19		149.772
157		106.856		149.65
158		106.543		149.519
159		106.247		149.381
160		105.97		149.233
161		105.708		149.075
162		105.458		148.907
163		105.22		148.728
164		104.991		148.536
165		104.769		148.331
166		104.551		148.113
167		104.336		147.879
168		104.121		147.629
169		103.905		147.361
170		103.686		147.076
171		103.464		146.77
172		103.237		146.442
173		103.004		146.092
174		102.765		145.718
175		102.52		145.317
176		102.269		144.889
177		102.012		144.431
178		101.751		143.942
179		101.486		143.42
180		101.219		142.863
181		100.95		142.269
182		100.68		141.636
183		100.41		140.962
184		100.14		140.249
185		99.8697		139.494
186		99.6007		138.694
187		99.3333		137.846
188		99.0676		136.953
189		98.804		136.009
190		98.5424		135.016
191		98.2829		133.976
192		98.0257		132.888
193		97.7707		131.751
194		97.5182		130.567
195		97.2683		129.335
196		97.0211		128.055
197		96.7764		126.735
198		96.5344		125.377
199		96.2956		123.996
200		96.06		122.587
201		95.827		121.154
202		95.5971		119.705
203		95.3705		118.241
204		95.1474		116.763
205		94.9279		115.277
206		94.7126		113.794
207		94.5001		112.312
208		94.2909		110.834
209		94.0852		109.365
210		93.8826		107.913
211		93.6839		106.479
212		93.4887		105.07
213		93.2969		103.681
214		93.1083		102.317
215		92.9229		100.982
216		92.7407		99.6771
217		92.5623		98.4081
218		92.3872		97.1704
219		92.2153		95.9725
220		92.0467		94.8121
221		91.882		93.6935
222		91.7202		92.6104
223		91.5616		91.5715
224		91.4066		90.5753
225		91.2554		89.6184
226		91.1076		88.7031
227		90.9629		87.8268
228		90.8211		86.9926
229		90.6822		86.1925
230		90.5463		85.4269
231		90.4132		84.7007
232		90.2831		84.0069
233		90.1557		83.3447
234		90.0307		82.7158
235		89.9085		82.1159
236		89.7889		81.5447
237		89.6712		80.9994
238		89.5561		80.4775
239		89.443		79.9846
240		89.3322		79.5167
241		89.2234		79.0769
242		89.1166		78.6611
243		89.012		78.2704
244		88.9095		77.8993
245		88.8086		77.5489
246		88.7103		77.2203
247		88.6143		76.9087
248		88.52		76.6127
249		88.428		76.3324
250		88.3378		76.0673
251		88.2488		75.8175
252		88.1614		75.5823
253		88.0755		75.3619
254		87.9915		75.155
255		87.909		74.961
256		87.8281		74.7791
257		87.7484		74.6109
258		87.6701		74.456
259		87.5931		74.3129
260		87.5176		74.1808
261		87.4434		74.0597
262		87.3703		73.9489
263		87.2985		73.8484
264		87.2278		73.759
265		87.1588		73.6792
266		87.0909		73.6095
267		87.0242		73.5486
268		86.9584		73.4964
269		86.8935		73.4526
270		86.8297		73.4165
271		86.7666		73.3879
272		86.7043		73.3669
273		86.6429		73.353
274		86.5827		73.3459
275		86.5231		73.3458
276		86.4646		73.3536
277		86.407		73.3684
278		86.3502		73.3897
279		86.2944		73.4174
280		86.2395		73.4527
281		86.1853		73.4941
282		86.1319		73.5415
283		86.0792		73.5946
284		86.0276		73.654
285		85.9766		73.7203
286		85.9264		73.793
287		85.8768		73.8716
288		85.8278		73.9555
289		85.7798		74.0451
290		85.7325		74.1401
291		85.6858		74.2403
292		85.6397		74.3456
293		85.5945		74.4558
294		85.55		74.5708
295		85.5062		74.6902
296		85.4631		74.8138
297		85.4204		74.9413
298		85.3783		75.0724
299		85.3369		75.2064
300		85.2958		75.3421
301		85.2553		75.4786
302		85.2154		75.6152
303		85.1761		75.7495
304		85.1374		75.8793
305		85.0991		76.0028
306		85.0617		76.1185
307		85.025		76.2226
308		84.989		76.3113
309		84.9535		76.3817
310		84.9185		76.4307
311		84.8837		76.4552
312		84.85		76.4536
313		84.8169		76.4254
314		84.7844		76.3707
315		84.7523		76.2906
316		84.7208		76.186
317		84.6899		76.0606
318		84.6593		75.915
319		84.6293		75.752
320		84.5995		75.5748
321		84.57		75.3878
322		84.5409		75.1923
323		84.5121		74.9906
324		84.4841		74.7842
325		84.4563		74.5748
326		84.4288		74.3646
327		84.4018		74.1535
328		84.3755		73.9428
329		84.3494		73.733
330		84.3237		73.5249
331		84.2984		73.3195
332		84.2733		73.1167
333		84.2486		72.9173
334		84.2241		72.7204
335		84.1999		72.5262
336		84.1756		72.3346
337		84.1518		72.1457
338		84.1285		71.9595
339		84.1055		71.7759
340		84.0826		71.5949
341		84.0601		71.4164
342		84.0379		71.2406
343		84.0157		71.0676
344		83.9939		70.8975
345		83.9723		70.7298
346		83.9509		70.5644
347		83.9299		70.4013
348		83.9091		70.2403
349		83.8885		70.0816
350		83.868		69.925
351		83.8479		69.7705
352		83.8277		69.618
353		83.8078		69.4675
354		83.7883		69.3193
355		83.7688		69.1728
356		83.7494		69.0285
357		83.7302		68.8862
358		83.7111		68.7459
359		83.6919		68.6086
360		83.673		68.4734
361		83.6544		68.3405
362		83.6355		68.21
363		83.6169		68.0816
364		83.5985		67.9552
365		83.5802		67.8309
366		83.5619		67.7087
367		83.5436		67.5888
368		83.5254		67.4711
369		83.5072		67.3557
370		83.4892		67.2423
371		83.4713		67.1313
372		83.4536		67.0226
373		83.4362		66.9165
374		83.4187		66.8131
375		83.4013		66.712
376		83.3837		66.6134
377		83.366		66.5173
378		83.3482		66.4238
379		83.3306		66.3329
380		83.3134		66.2447
381		83.2964		66.1592
382		83.2793		66.0762
383		83.2619		65.9957
384		83.2445		65.918
385		83.2269		65.8429
386		83.2094		65.7702
387		83.1917		65.7
388		83.174		65.6324
389		83.1564		65.5668
390		83.1384		65.5037
391		83.1205		65.4428
392		83.1026		65.3841
393		83.0846		65.3272
394		83.0665		65.2721
395		83.0483		65.2185
396		83.0301		65.1664
397		83.012		65.1155
398		82.9943		65.0658
399		82.9765		65.017
400		82.9586		64.9685
401		82.9408		64.9199
402		82.9233		64.8713
403		82.9059		64.8227
404		82.8888		64.7733
405		82.8717		64.7226
406		82.8546		64.6703
407		82.8378		64.6163
408		82.8208		64.5602
409		82.8038		64.5019
410		82.7869		64.441
411		82.7699		64.3775
412		82.7529		64.3117
413		82.7358		64.243
414		82.7187		64.1713
415		82.7016		64.0964
416		82.6848		64.0191
417		82.6683		63.9387
418		82.652		63.8558
419		82.6362		63.7699
420		82.6209		63.6822
421		82.6061		63.5933
422		82.5916		63.5017
423		82.5771		63.4075
424		82.5638		63.3109
425		82.5509		63.2122
426		82.5382		63.1113
427		82.5258		63.0086
428		82.5137		62.9039
429		82.502		62.7974
430		82.4907		62.6894
431		82.4796		62.5799
432		82.4691		62.4691
433		82.4588		62.3572
434		82.4486		62.2444
435		82.4388		62.131
436		82.429		62.0171
437		82.4193		61.9028
438		82.4099		61.7884
439		82.4015		61.6738
440		82.3933		61.559
441		82.3862		61.444
442		82.3803		61.3293
443		82.3746		61.2161
444		82.3695		61.103
445		82.3644		60.9903
446		82.3599		60.8779
447		82.3563		60.766
448		82.3535		60.6546
449		82.3513		60.5437
450		82.3492		60.4335
451		82.3476		60.3241
452		82.3469		60.2154
453		82.3465		60.1074
454		82.3462		60.0004
455		82.3459		59.8942
456		82.3461		59.789
457		82.3465		59.6847
458		82.3471		59.5817
459		82.3482		59.4797
460		82.3495		59.3791
461		82.351		59.2795
462		82.3537		59.1811
463		82.3568		59.0837
464		82.3598		58.9877
465		82.3629		58.8933
466		82.367		58.7999
467		82.3713		58.7078
468		82.3755		58.6171
469		82.3802		58.5276
470		82.3853		58.4393
471		82.3908		58.3522
472		82.3966		58.2663
473		82.4025		58.1814
474		82.4086		58.0979
475		82.415		58.0153
476		82.4216		57.9337
477		82.4283		57.8534
478		82.4346		57.7743
479		82.441		57.6963
480		82.4475		57.6194
481		82.4545		57.5435
482		82.4615		57.4688
483		82.4683		57.3951
484		82.4746		57.3228
485		82.4814		57.2517
486		82.4886		57.1816
487		82.4959		57.1125
488		82.503		57.0443
489		82.5098		56.9771
490		82.5163		56.9112
491		82.5229		56.8461
492		82.5295		56.7822
493		82.536		56.7192
494		82.5425		56.657
495		82.5487		56.5958
496		82.5549		56.5355
497		82.561		56.4759
498		82.567		56.4173
499		82.5727		56.3594
500		82.5782		56.3024
501		82.5834		56.2461
502		82.5885		56.1908
503		82.5932		56.1361
504		82.5983		56.0822
505		82.6029		56.029
506		82.6074		55.9769
507		82.6116		55.9255
508		82.6155		55.8749
509		82.619		55.8249
510		82.6221		55.7756
511		82.6254		55.727
512		82.6283		55.679
513		82.631		55.6317
514		82.6336		55.585
515		82.6358		55.539
516		82.6377		55.4935
517		82.6396		55.4486
518		82.6411		55.4044
519		82.6424		55.3608
520		82.6435		55.3177
521		82.6441		55.2752
522		82.6444		55.2335
523		82.6443		55.1923
524		82.6443		55.1518
525		82.6436		55.1118
526		82.6424		55.0724
527		82.641		55.0333
528		82.6393		54.9949
529		82.6375		54.9571
530		82.6353		54.92
531		82.6326		54.8834
532		82.6297		54.8471
533		82.6267		54.8115
534		82.6232		54.7763
535		82.6192		54.7414
536		82.6151		54.7071
537		82.6106		54.6731
538		82.6057		54.6396
539		82.6005		54.6069
540		82.5949		54.5746
541		82.5894		54.5427
542		82.5834		54.5112
543		82.5771		54.4801
544		82.5706		54.4494
545		82.5636		54.4191
546		82.5563		54.3891
547		82.5488		54.3595
548		82.5408		54.3302
549		82.5326		54.3014
550		82.5239		54.2729
551		82.5151		54.2447
552		82.5061		54.2169
553		82.4967		54.1894
554		82.4871		54.1623
555		82.4773		54.1356
556		82.4668		54.1094
557		82.4563		54.0833
558		82.4458		54.0576
559		82.435		54.0322
560		82.4239		54.0071
561		82.4126		53.9824
562		82.401		53.9579
563		82.3891		53.9337
564		82.3771		53.9098
565		82.3648		53.8862
566		82.3523		53.8629
567		82.3393		53.8399
568		82.3261		53.8172
569		82.3127		53.7948
570		82.299		53.7726
571		82.2852		53.7506
572		82.271		53.729
573		82.257		53.7077
574		82.2426		53.6866
575		82.228		53.6659
576		82.2131		53.6452
577		82.198		53.6249
578		82.1825		53.6047
579		82.1667		53.5852
580		82.151		53.5661
581		82.1351		53.5472
582		82.119		53.5285
583		82.1023		53.5102
584		82.0855		53.492
585		82.0686		53.4743
586		82.0512		53.4568
587		82.0339		53.4396
588		82.0163		53.4225
589		81.9984		53.4057
590		81.9805		53.3891
591		81.9624		53.3728
592		81.9441		53.3566
593		81.9257		53.3408
594		81.9072		53.3251
595		81.8883		53.3096
596		81.8692		53.2943
597		81.8499		53.2793
598		81.8303		53.2645
599		81.8107		53.2499
600		81.7911		53.2354
601		81.771		53.2212
602		81.7509		53.2072
603		81.7305		53.1933
604		81.71		53.1797
605		81.6893		53.1665
606		81.6686		53.1536
607		81.6474		53.1407
608		81.6266		53.1281
609		81.6054		53.1156
610		81.584		53.1033
611		81.5625		53.0911
612		81.5409		53.0792
613		81.5191		53.0674
614		81.4971		53.0559
615		81.475		53.0444
616		81.4526		53.0331
617		81.4302		53.022
618		81.4075		53.011
619		81.3847		53.0002
620		81.3617		52.9895
621		81.3383		52.979
622		81.3151		52.9686
623		81.2917		52.9584
624		81.2681		52.9484
625		81.2443		52.9384
626		81.2204		52.9287
627		81.1964		52.9191
628		81.1724		52.9096
629		81.1482		52.9003
630		81.1237		52.891
631		81.099		52.882
632		81.0746		52.8734
633		81.0496		52.8649
634		81.0246		52.8566
635		80.9993		52.8484
636		80.9741		52.8404
637		80.9487		52.8324
638		80.9233		52.8247
639		80.8977		52.8171
640		80.872		52.8097
641		80.8461		52.8024
642		80.8202		52.7953
643		80.7943		52.7883
644		80.768		52.7816
645		80.7419		52.7749
646		80.7155		52.7682
647		80.6892		52.7619
648		80.6628		52.7558
649		80.6362		52.7498
650		80.6094		52.7438
651		80.5826		52.738
652		80.5556		52.7323
653		80.5287		52.7267
654		80.5015		52.7213
655		80.4741		52.716
656		80.4469		52.7107
657		80.4194		52.7055
658		80.3918		52.7005
659		80.3643		52.6955
660		80.3366		52.6905
661		80.3087		52.6858
662		80.2808		52.681
663		80.2526		52.6764
664		80.2245		52.672
665		80.1963		52.6677
666		80.1679		52.6637
667		80.1395		52.6599
668		80.111		52.656
669		80.0825		52.6523
670		80.0539		52.6488
671		80.0251		52.6452
672		79.9965		52.6417
673		79.9676		52.6384
674		79.9385		52.6352
675		79.9095		52.6321
676		79.8801		52.6292
677		79.8508		52.6264
678		79.8215		52.6236
679		79.792		52.6208
680		79.7627		52.6182
681		79.7332		52.6157
682		79.7035		52.6134
683		79.6737		52.611
684		79.6438		52.6088
685		79.6138		52.6068
686		79.5837		52.6047
687		79.5536		52.6026
688		79.5234		52.6007
689		79.493		52.599
690		79.4626		52.5972
691		79.4322		52.5955
692		79.4018		52.5939
693		79.3712		52.5922
694		79.3405		52.5908
695		79.3097		52.5893
696		79.2788		52.5878
697		79.2479		52.5865
698		79.2169		52.5853
699		79.1857		52.5841
700		79.1545		52.5829
701		79.1232		52.5818
702		79.0917		52.5808
703		79.0603		52.5799
704		79.0287		52.579
705		78.9971		52.5782
706		78.9656		52.5773
707		78.934		52.5766
708		78.9023		52.5759
709		78.8706		52.5752
710		78.8388		52.5746
711		78.8069		52.5741
712		78.775		52.5736
713		78.7431		52.5732
714		78.7113		52.5728
715		78.6794		52.5724
716		78.6473		52.5721
717		78.6151		52.5719
718		78.5829		52.5716
719		78.5507		52.5715
720		78.5183		52.5714
721		78.4859		52.5713
722		78.4536		52.5714
723		78.4211		52.5715
724		78.3884		52.5716
725		78.3556		52.5718
726		78.3228		52.5722
727		78.2898		52.5727
728		78.2568		52.5732
729		78.2237		52.5739
730		78.1906		52.5746
731		78.1572		52.5752
732		78.124		52.576
733		78.0907		52.5768
734		78.0573		52.5776
735		78.0238		52.5784
736		77.9904		52.5793
737		77.9568		52.5802
738		77.9229		52.5811
739		77.8893		52.5822
740		77.8556		52.5831
741		77.8218		52.5841
742		77.7879		52.5851
743		77.7541		52.5862
744		77.7202		52.5873
745		77.6862		52.5885
746		77.6521		52.5897
747		77.618		52.5909
748		77.5838		52.5922
749		77.5496		52.5934
750		77.5153		52.5947
751		77.4811		52.5961
752		77.4465		52.5973
753		77.4121		52.5987
754		77.3775		52.5999
755		77.3429		52.6013
756		77.3083		52.6026
757		77.2735		52.6041
758		77.2386		52.6056
759		77.2036		52.607
760		77.1687		52.6085
761		77.1338		52.61
762		77.0988		52.6116
763		77.0637		52.6131
764		77.0287		52.6146
765		76.9933		52.6161
766		76.9579		52.6177
767		76.9225		52.6193
768		76.887		52.6209
769		76.8514		52.6225
770		76.8159		52.6242
771		76.7802		52.6259
772		76.7445		52.6275
773		76.7089		52.6291
774		76.6731		52.6308
775		76.6372		52.6324
776		76.6013		52.6341
777		76.5654		52.6358
778		76.5294		52.6375
779		76.4933		52.6392
780		76.4573		52.641
781		76.4209		52.6428
782		76.3847		52.6446
783		76.3483		52.6464
784		76.3119		52.6483
785		76.2756		52.6501
786		76.2391		52.6519
787		76.2026		52.6537
788		76.166		52.6556
789		76.1292		52.6575
790		76.0925		52.6595
791		76.0556		52.6614
792		76.0189		52.6634
793		75.9821		52.6653
794		75.9451		52.6672
795		75.9081		52.6691
796		75.8711		52.671
797		75.8341		52.673
798		75.7971		52.6749
799		75.76		52.6768
800		75.723		52.6787
801		75.6859		52.6807
802		75.6487		52.6827
803		75.6114		52.6847
804		75.5741		52.6866
805		75.5366		52.6886
806		75.4992		52.6906
807		75.4617		52.6926
808		75.4244		52.6945
809		75.3869		52.6964
810		75.3493		52.6983
811		75.3117		52.7002
812		75.2739		52.7021
813		75.2361		52.7041
814		75.1983		52.7059
815		75.1604		52.7079
816		75.1226		52.7098
817		75.0849		52.7117
818		75.0471		52.7136
819		75.0092		52.7155
820		74.9713		52.7174
821		74.9335		52.7192
822		74.8955		52.721
823		74.8575		52.7228
824		74.8195		52.7245
825		74.7815		52.7263
826		74.7434		52.7281
827		74.7053		52.73
828		74.6673		52.7317
829		74.6291		52.7335
830		74.5911		52.7354
831		74.5528		52.7371
832		74.5145		52.7388
833		74.4764		52.7405
834		74.438		52.7423
835		74.3998		52.744
836		74.3613		52.7457
837		74.3228		52.7476
838		74.2845		52.7493
839		74.2459		52.7509
840		74.2076		52.7525
841		74.1691		52.7542
842		74.1307		52.7558
843		74.0921		52.7575
844		74.0536		52.7591
845		74.0149		52.7606
846		73.9763		52.7621
847		73.9377		52.7637
848		73.8992		52.7653
849		73.8605		52.7669
850		73.8219		52.7685
851		73.7832		52.77
852		73.7446		52.7715
853		73.706		52.773
854		73.6672		52.7745
855		73.6284		52.7759
856		73.5895		52.7774
857		73.5506		52.7788
858		73.5118		52.7802
859		73.4729		52.7816
860		73.4341		52.7829
861		73.3952		52.7844
862		73.3565		52.7857
863		73.3178		52.7871
864		73.2791		52.7884
865		73.2403		52.7898
866		73.2016		52.791
867		73.1629		52.7923
868		73.1243		52.7936
869		73.0854		52.7948
870		73.0466		52.796
871		73.0078		52.7973
872		72.969		52.7985
873		72.9303		52.7997
874		72.8914		52.8008
875		72.8528		52.802
876		72.8138		52.8031
877		72.775		52.8041
878		72.7363		52.8054
879		72.6975		52.8066
880		72.6588		52.8076
881		72.62		52.8088
882		72.5812		52.8099
883		72.5424		52.811
884		72.5037		52.8121
885		72.4652		52.8131
886		72.4266		52.8141
887		72.388		52.8151
888		72.3494		52.8161
889		72.3106		52.8171
890		72.272		52.818
891		72.2337		52.8188
892		72.1953		52.8197
893		72.157		52.8205
894		72.1185		52.8213
895		72.0801		52.8222
896		72.0418		52.8231
897		72.0035		52.8239
898		71.965		52.8247
899		71.9267		52.8255
900		71.8885		52.8261
901		71.8503		52.827
902		71.8123		52.8278
903		71.7743		52.8285
904		71.7364		52.8291
905		71.6983		52.8299
906		71.6605		52.8306
907		71.6225		52.8314
908		71.5847		52.832
909		71.5468		52.8327
910		71.509		52.8333
911		71.4713		52.8339
912		71.4334		52.8344
913		71.3956		52.835
914		71.358		52.8356
915		71.3204		52.8361
916		71.283		52.8366
917		71.2456		52.837
918		71.2084		52.8375
919		71.1711		52.8378
920		71.1337		52.8382
921		71.0965		52.8387
922		71.0593		52.8391
923		71.0222		52.8396
924		70.9853		52.84
925		70.9483		52.8402
926		70.9115		52.8406
927		70.8746		52.8408
928		70.8377		52.841
929		70.801		52.8413
930		70.7643		52.8415
931		70.7277		52.8417
932		70.6912		52.8419
933		70.6547		52.842
934		70.6184		52.8421
935		70.582		52.8421
936		70.5456		52.8422
937		70.5093		52.8423
938		70.473		52.8424
939		70.4369		52.8423
940		70.4008		52.8423
941		70.3649		52.8421
942		70.3289		52.842
943		70.293		52.8418
944		70.2574		52.8417
945		70.2219		52.8414
946		70.1864		52.8413
947		70.1508		52.8411
948		70.1153		52.8408
949		70.0798		52.8405
950		70.0444		52.8401
951		70.0091		52.8399
952		69.9738		52.8395
953		69.9387		52.8391
954		69.9036		52.8387
955		69.8686		52.8383
956		69.8338		52.8379
957		69.799		52.8375
958		69.7643		52.837
959		69.7296		52.8365
960		69.695		52.8359
961		69.6606		52.8354
962		69.6261		52.8348
963		69.5917		52.8342
964		69.5575		52.8336
965		69.5235		52.833
966		69.4894		52.8323
967		69.4555		52.8316
968		69.4216		52.8309
969		69.3877		52.8303
970		69.354		52.8296
971		69.3203		52.8288
972		69.2868		52.828
973		69.2535		52.8272
974		69.2203		52.8263
975		69.1875		52.8255
976		69.1547		52.8247
977		69.1217		52.8238
978		69.0891		52.8231
979		69.0565		52.8222
980		69.0239		52.8214
981		68.9915		52.8205
982		68.9593		52.8197
983		68.927		52.8188
984		68.8948		52.8179
985		68.8629		52.8168
986		68.8309		52.8158
987		68.7992		52.8148
988		68.7674		52.8137
989		68.7356		52.8126
990		68.7042		52.8115
991		68.6727		52.8103
992		68.6414		52.809
993		68.6102		52.8079
994		68.5792		52.8066
995		68.5483		52.8054
996		68.5175		52.8041
997		68.487		52.8026
998		68.4565		52.8013
999		68.426		52.7998
1000		68.3957		52.7984
1001		68.3654		52.7969
1002		68.3353		52.7955
1003		68.3052		52.7941
1004		68.2754		52.7926
1005		68.2456		52.7911
1006		68.216		52.7895
1007		68.1864		52.7879
1008		68.1569		52.7863
1009		68.1278		52.7846
1010		68.0984		52.7829
1011		68.0692		52.7813
1012		68.0402		52.7795
1013		68.0112		52.7778
1014		67.9825		52.776
1015		67.9538		52.7742
1016		67.9252		52.7723
1017		67.8967		52.7704
1018		67.8684		52.7686
1019		67.8403		52.7665
1020		67.8122		52.7646
1021		67.7843		52.7626
1022		67.7565		52.7606
1023		67.7288		52.7586
1024		67.7012		52.7564
1025		67.6739		52.7544
1026		67.6466		52.7523
1027		67.6194		52.7502
1028		67.5924		52.748
1029		67.5656		52.7458
1030		67.5388		52.7437
1031		67.512		52.7414
1032		67.4855		52.7391
1033		67.4591		52.7369
1034		67.4329		52.7346
1035		67.4071		52.7324
1036		67.3812		52.73
1037		67.3553		52.7276
1038		67.3295		52.725
1039		67.3039		52.7226
1040		67.2784		52.72
1041		67.2531		52.7175
1042		67.2279		52.7149
1043		67.2028		52.7124
1044		67.1779		52.7098
1045		67.1532		52.7072
1046		67.1287		52.7045
1047		67.1042		52.7019
1048		67.0798		52.6992
1049		67.0556		52.6965
1050		67.0316		52.6938
1051		67.0075		52.6911
1052		66.9835		52.6883
1053		66.9597		52.6855
1054		66.9362		52.6827
1055		66.9126		52.6799
1056		66.8892		52.677
1057		66.8658		52.6741
1058		66.8426		52.6712
1059		66.8196		52.6682
1060		66.7968		52.6652
1061		66.774		52.6621
1062		66.7514		52.659
1063		66.7289		52.6559
1064		66.7066		52.6527
1065		66.6843		52.6496
1066		66.6622		52.6463
1067		66.6401		52.6431
1068		66.6181		52.6399
1069		66.5963		52.6367
1070		66.5747		52.6335
1071		66.5531		52.6301
1072		66.5317		52.6267
1073		66.5106		52.6234
1074		66.4895		52.6199
1075		66.4683		52.6165
1076		66.4473		52.613
1077		66.4265		52.6095
1078		66.4058		52.606
1079		66.3852		52.6024
1080		66.3647		52.5987
1081		66.3443		52.595
1082		66.3239		52.5914
1083		66.3039		52.5877
1084		66.2839		52.5841
1085		66.264		52.5803
1086		66.2442		52.5765
1087		66.2245		52.5726
1088		66.205		52.5688
1089		66.1856		52.5649
1090		66.1663		52.561
1091		66.1472		52.557
1092		66.1281		52.553
1093		66.1092		52.5489
1094		66.0905		52.5449
1095		66.0719		52.5408
1096		66.0534		52.5367
1097		66.035		52.5326
1098		66.0169		52.5285
1099		65.9987		52.5243
1100		65.9807		52.5201
1101		65.9626		52.5159
1102		65.9447		52.5117
1103		65.927		52.5074
1104		65.9094		52.5031
1105		65.8919		52.4988
1106		65.8747		52.4945
1107		65.8576		52.4901
1108		65.8405		52.4857
1109		65.8235		52.4814
1110		65.8065		52.4769
1111		65.7897		52.4724
1112		65.773		52.4678
1113		65.7566		52.4633
1114		65.7401		52.4586
1115		65.7239		52.4538
1116		65.7076		52.4491
1117		65.6915		52.4444
1118		65.6755		52.4396
1119		65.6597		52.4349
1120		65.644		52.4299
1121		65.6284		52.4251
1122		65.6129		52.42
1123		65.5974		52.4151
1124		65.582		52.4101
1125		65.5667		52.4052
1126		65.5515		52.4001
1127		65.5363		52.3951
1128		65.5212		52.3899
1129		65.5062		52.3848
1130		65.4913		52.3796
1131		65.4765		52.3745
1132		65.4618		52.3693
1133		65.4473		52.3641
1134		65.4329		52.3589
1135		65.4186		52.3536
1136		65.4044		52.3483
1137		65.3903		52.3429
1138		65.3763		52.3376
1139		65.3622		52.3321
1140		65.3485		52.3266
1141		65.3348		52.3212
1142		65.3212		52.3157
1143		65.3077		52.3101
1144		65.2942		52.3045
1145		65.2809		52.2989
1146		65.2677		52.2932
1147		65.2545		52.2876
1148		65.2416		52.282
1149		65.2286		52.2762
1150		65.2157		52.2704
1151		65.2029		52.2645
1152		65.1902		52.2586
1153		65.1776		52.2528
1154		65.1652		52.2468
1155		65.153		52.2408
1156		65.1409		52.2349
1157		65.1288		52.2289
1158		65.1167		52.2228
1159		65.1046		52.2168
1160		65.0927		52.2106
1161		65.0808		52.2044
1162		65.069		52.1981
1163		65.0573		52.1919
1164		65.0457		52.1856
1165		65.0341		52.1793
1166		65.0226		52.173
1167		65.0112		52.1667
1168		64.9997		52.1603
1169		64.9886		52.1538
1170		64.9775		52.1474
1171		64.9666		52.1409
1172		64.9556		52.1343
1173		64.9448		52.1278
1174		64.934		52.1212
1175		64.9233		52.1146
1176		64.9128		52.1078
1177		64.9021		52.1011
1178		64.8917		52.0943
1179		64.8813		52.0875
1180		64.8711		52.0805
1181		64.8608		52.0736
1182		64.8506		52.0667
1183		64.8405		52.0597
1184		64.8305		52.0528
1185		64.8206		52.0458
1186		64.8106		52.0387
1187		64.8009		52.0316
1188		64.7914		52.0245
1189		64.7817		52.0173
1190		64.7721		52.0101
1191		64.7626		52.003
1192		64.753		51.9958
1193		64.7436		51.9885
1194		64.7341		51.9811
1195		64.7247		51.9737
1196		64.7156		51.9663
1197		64.7064		51.9588
1198		64.6974		51.9513
1199		64.6885		51.9438
1200		64.6796		51.9362
1201		64.6707		51.9285
1202		64.6621		51.9208
1203		64.6534		51.9131
1204		64.6448		51.9053
1205		64.6361		51.8975
1206		64.6276		51.8897
1207		64.6192		51.8819
1208		64.6109		51.874
1209		64.6027		51.8661
1210		64.5946		51.8581
1211		64.5865		51.8502
1212		64.5785		51.8421
1213		64.5705		51.834
1214		64.5625		51.8259
1215		64.5546		51.8177
1216		64.5468		51.8096
1217		64.5391		51.8014
1218		64.5312		51.7931
1219		64.5236		51.7847
1220		64.516		51.7763
1221		64.5084		51.768
1222		64.5008		51.7596
1223		64.4935		51.7511
1224		64.486		51.7426
1225		64.4787		51.7341
1226		64.4714		51.7257
1227		64.4642		51.7171
1228		64.457		51.7084
1229		64.4499		51.6997
1230		64.443		51.6909
1231		64.4361		51.6821
1232		64.4291		51.6733
1233		64.4223		51.6644
1234		64.4154		51.6555
1235		64.4086		51.6466
1236		64.4019		51.6376
1237		64.3953		51.6286
1238		64.3888		51.6195
1239		64.3823		51.6103
1240		64.3758		51.6011
1241		64.3694		51.5918
1242		64.3629		51.5824
1243		64.3566		51.5732
1244		64.3504		51.5638
1245		64.3442		51.5543
1246		64.3379		51.5449
1247		64.3317		51.5355
1248		64.3255		51.5261
1249		64.3193		51.5165
1250		64.3132		51.5069
1251		64.3072		51.4971
1252		64.3012		51.4874
1253		64.2951		51.4776
1254		64.2893		51.4677
1255		64.2835		51.4578
1256		64.2778		51.448
1257		64.272		51.438
1258		64.2662		51.4281
1259		64.2606		51.4181
1260		64.2549		51.4079
1261		64.2494		51.3977
1262		64.2439		51.3875
1263		64.2384		51.3772
1264		64.2329		51.3669
1265		64.2276		51.3565
1266		64.2223		51.346
1267		64.2169		51.3355
1268		64.2116		51.3251
1269		64.2063		51.3146
1270		64.201		51.304
1271		64.1958		51.2933
1272		64.1907		51.2825
1273		64.1857		51.2716
1274		64.1807		51.2608
1275		64.1758		51.25
1276		64.171		51.2391
1277		64.1661		51.2281
1278		64.1612		51.2172
1279		64.1564		51.2062
1280		64.1516		51.1951
1281		64.1469		51.1839
1282		64.1422		51.1727
1283		64.1375		51.1615
1284		64.1329		51.15
1285		64.1284		51.1387
1286		64.1239		51.1273
1287		64.1193		51.1157
1288		64.1148		51.1042
1289		64.1102		51.0926
1290		64.1057		51.0808
1291		64.1011		51.0691
1292		64.0966		51.0572
1293		64.0923		51.0453
1294		64.0881		51.0334
1295		64.084		51.0214
1296		64.0797		51.0094
1297		64.0757		50.9973
1298		64.0714		50.9852
1299		64.0673		50.973
1300		64.0632		50.9608
1301		64.0591		50.9485
1302		64.055		50.936
1303		64.0509		50.9236
1304		64.0469		50.911
1305		64.0428		50.8984
1306		64.0389		50.8858
1307		64.035		50.8731
1308		64.031		50.8603
1309		64.0271		50.8475
1310		64.0231		50.8346
1311		64.0192		50.8217
1312		64.0152		50.8086
1313		64.0113		50.7955
1314		64.0074		50.7824
1315		64.0038		50.7692
1316		63.9999		50.7559
1317		63.9963		50.7426
1318		63.9925		50.7293
1319		63.9888		50.7159
1320		63.9851		50.7024
1321		63.9816		50.6889
1322		63.9781		50.6753
1323		63.9746		50.6615
1324		63.971		50.6476
1325		63.9675		50.6338
1326		63.9641		50.62
1327		63.9607		50.606
1328		63.9572		50.592
1329		63.9537		50.5778
1330		63.9503		50.5637
1331		63.9468		50.5495
1332		63.9434		50.5351
1333		63.94		50.5208
1334		63.9367		50.5064
1335		63.9334		50.4918
1336		63.9301		50.4772
1337		63.927		50.4626
1338		63.9237		50.4479
1339		63.9205		50.4331
1340		63.9174		50.4183
1341		63.9142		50.4035
1342		63.9111		50.3885
1343		63.908		50.3734
1344		63.9049		50.3584
1345		63.9018		50.3434
1346		63.8987		50.3282
1347		63.8957		50.3129
1348		63.8926		50.2975
1349		63.8895		50.2822
1350		63.8866		50.2666
1351		63.8837		50.251
1352		63.8808		50.2353
1353		63.8779		50.2195
1354		63.875		50.2036
1355		63.8721		50.1877
1356		63.8691		50.1717
1357		63.8663		50.1557
1358		63.8634		50.1396
1359		63.8608		50.1234
1360		63.8581		50.1072
1361		63.8553		50.0908
1362		63.8525		50.0744
1363		63.8496		50.0578
1364		63.8468		50.0411
1365		63.8441		50.0245
1366		63.8414		50.0077
1367		63.8388		49.9907
1368		63.8362		49.974
1369		63.8337		49.957
1370		63.8311		49.94
1371		63.8284		49.9228
1372		63.8257		49.9056
1373		63.8231		49.8883
1374		63.8205		49.871
1375		63.8179		49.8536
1376		63.8154		49.8361
1377		63.8128		49.8185
1378		63.8102		49.8008
1379		63.8077		49.7831
1380		63.805		49.7654
1381		63.8024		49.7476
1382		63.7999		49.7297
1383		63.7973		49.7117
1384		63.795		49.6936
1385		63.7925		49.6755
1386		63.7902		49.6572
1387		63.7878		49.6387
1388		63.7855		49.6203
1389		63.7831		49.6019
1390		63.7809		49.5832
1391		63.7786		49.5644
1392		63.7761		49.5456
1393		63.7737		49.5267
1394		63.7714		49.5077
1395		63.7691		49.4886
1396		63.7668		49.4693
1397		63.7645		49.45
1398		63.7623		49.4306
1399		63.7599		49.411
1400		63.7577		49.3914
1401		63.7553		49.3717
1402		63.7532		49.3519
1403		63.7509		49.3321
1404		63.7487		49.3121
1405		63.7464		49.2921
1406		63.7443		49.2719
1407		63.7422		49.2516
1408		63.7402		49.2314
1409		63.7382		49.2111
1410		63.736		49.1906
1411		63.7339		49.17
1412		63.7318		49.1493
1413		63.7297		49.1285
1414		63.7277		49.1078
1415		63.7257		49.0868
1416		63.7236		49.0656
1417		63.7216		49.0445
1418		63.7195		49.0232
1419		63.7175		49.0018
1420		63.7155		48.9804
1421		63.7135		48.9587
1422		63.7115		48.9369
1423		63.7095		48.9151
1424		63.7076		48.8932
1425		63.7056		48.8711
1426		63.7037		48.849
1427		63.7018		48.8267
1428		63.6998		48.8043
1429		63.6978		48.782
1430		63.6959		48.7596
1431		63.6939		48.7371
1432		63.6921		48.7146
1433		63.6904		48.6918
1434		63.6885		48.6689
1435		63.6868		48.6459
1436		63.6852		48.6228
1437		63.6835		48.5996
1438		63.6817		48.5762
1439		63.6798		48.5528
1440		63.678		48.5293
1441		63.6763		48.5057
1442		63.6745		48.4819
1443		63.6729		48.458
1444		63.6712		48.4342
1445		63.6695		48.4102
1446		63.6679		48.3862
1447		63.6663		48.362
1448		63.6646		48.3377
1449		63.6628		48.3133
1450		63.6611		48.2888
1451		63.6594		48.264
1452		63.6575		48.2392
1453		63.6556		48.2143
1454		63.6537		48.1893
1455		63.6519		48.1641
1456		63.6502		48.1388
1457		63.6486		48.1133
1458		63.6469		48.0877
1459		63.6454		48.0618
1460		63.6438		48.0359
1461		63.6423		48.0099
1462		63.6408		47.9838
1463		63.6393		47.9576
1464		63.6378		47.9312
1465		63.6363		47.9046
1466		63.6347		47.8778
1467		63.6331		47.8509
1468		63.6316		47.824
1469		63.63		47.7968
1470		63.6286		47.7696
1471		63.6271		47.7422
1472		63.6257		47.7147
1473		63.6242		47.687
1474		63.6226		47.6591
1475		63.6211		47.6311
1476		63.6196		47.603
1477		63.6181		47.5747
1478		63.6166		47.5463
1479		63.6152		47.5177
1480		63.6137		47.489
1481		63.6122		47.4601
1482		63.6108		47.4311
1483		63.6094		47.4018
1484		63.6079		47.3726
1485		63.6066		47.343
1486		63.6051		47.3133
1487		63.6037		47.2836
1488		63.6023		47.2536
1489		63.6008		47.2233
1490		63.5994		47.1929
1491		63.5979		47.1625
1492		63.5965		47.1318
1493		63.5951		47.1011
1494		63.5937		47.07
1495		63.5923		47.0389
1496		63.5908		47.0075
1497		63.5893		46.9759
1498		63.588		46.9443
1499		63.5866		46.9124
1500		63.5853		46.8805
1501		63.5839		46.8484
1502		63.5826		46.8161
1503		63.5813		46.7837
1504		63.5798		46.7514
1505		63.5785		46.7191
1506		63.5771		46.6868
1507		63.5759		46.6542
1508		63.5745		46.6214
1509		63.5733		46.5886
1510		63.572		46.5555
1511		63.5708		46.5222
1512		63.5694		46.4888
1513		63.5682		46.4553
1514		63.5668		46.4217
1515		63.5656		46.388
1516		63.5642		46.354
1517		63.563		46.3199
1518		63.5617		46.2856
1519		63.5605		46.2511
1520		63.5592		46.2163
1521		63.5579		46.1814
1522		63.5567		46.1464
1523		63.5556		46.1112
1524		63.5545		46.0761
1525		63.5533		46.0406
1526		63.5521		46.005
1527		63.551		45.9692
1528		63.5498		45.9332
1529		63.5488		45.8971
1530		63.5477		45.861
1531		63.5465		45.8247
1532		63.5454		45.7887
1533		63.5444		45.7525
1534		63.5431		45.7161
1535		63.5421		45.6796
1536		63.5408		45.6428
1537		63.5395		45.6058
1538		63.5384		45.5686
1539		63.5372		45.5311
1540		63.536		45.4935
1541		63.5349		45.4557
1542		63.5338		45.4178
1543		63.5327		45.3796
1544		63.5315		45.3413
1545		63.5304		45.3028
1546		63.5293		45.2641
1547		63.5282		45.2252
1548		63.5272		45.1861
1549		63.5262		45.1468
1550		63.5251		45.1073
1551		63.524		45.0675
1552		63.5228		45.0276
1553		63.5218		44.9874
1554		63.5206		44.947
1555		63.5194		44.9065
1556		63.5181		44.8657
1557		63.517		44.8247
1558		63.5159		44.7834
1559		63.5148		44.742
1560		63.5137		44.7003
1561		63.5127		44.6583
1562		63.5116		44.6163
1563		63.5105		44.5743
1564		63.5094		44.5319
1565		63.5083		44.4893
1566		63.5073		44.4465
1567		63.5061		44.4034
1568		63.505		44.3602
1569		63.504		44.3166
1570		63.503		44.273
1571		63.5019		44.2291
1572		63.5008		44.185
1573		63.4996		44.1406
1574		63.4984		44.0961
1575		63.4974		44.0513
1576		63.4964		44.0062
1577		63.4953		43.961
1578		63.4942		43.9155
1579		63.4929		43.8698
1580		63.4918		43.8237
1581		63.4908		43.7775
1582		63.4897		43.7312
1583		63.4886		43.6846
1584		63.4875		43.6378
1585		63.4865		43.5909
1586		63.4854		43.5437
1587		63.4845		43.4964
1588		63.4836		43.4488
1589		63.4826		43.401
1590		63.4816		43.353
1591		63.4807		43.3048
1592		63.4798		43.2565
1593		63.4789		43.2088
1594		63.4779		43.1612
1595		63.4769		43.1138
1596		63.4759		43.0665
1597		63.4749		43.019
1598		63.4738		42.9713
1599		63.4728		42.9233
1600		63.4718		42.8751
1601		63.4709		42.8272
1602		63.4699		42.7794
1603		63.469		42.7312
1604		63.4681		42.6829
1605		63.4672		42.6345
1606		63.4664		42.5857
1607		63.4655		42.5371
1608		63.4646		42.4894
1609		63.4638		42.4414
1610		63.4628		42.3933
1611		63.4618		42.3451
1612		63.4609		42.2973
1613		63.4599		42.2492
1614		63.4591		42.201
1615		63.4584		42.1526
1616		63.4576		42.1039
1617		63.4567		42.0551
1618		63.4559		42.0062
1619		63.455		41.9574
1620		63.4542		41.9084
1621		63.4533		41.8593
1622		63.4524		41.81
1623		63.4515		41.7605
1624		63.4505		41.7109
1625		63.4495		41.6611
1626		63.4485		41.6113
1627		63.4476		41.5611
1628		63.4467		41.5108
1629		63.4458		41.4603
1630		63.4448		41.4097
1631		63.4439		41.3591
1632		63.443		41.3083
1633		63.4419		41.2574
1634		63.4409		41.2062
1635		63.4399		41.1549
1636		63.439		41.1034
1637		63.4381		41.0517
1638		63.4372		41
1639		63.4363		40.9479
1640		63.4354		40.8962
1641		63.4346		40.8446
1642		63.4337		40.7928
1643		63.4327		40.7408
1644		63.4317		40.6887
1645		63.4309		40.6365
1646		63.4301		40.584
1647		63.4292		40.5314
1648		63.4283		40.4787
1649		63.4274		40.426
1650		63.4265		40.3732
1651		63.4257		40.32
1652		63.4248		40.2668
1653		63.4239		40.2134
1654		63.4231		40.1599
1655		63.4222		40.1063
1656		63.4213		40.0526
1657		63.4205		39.9987
1658		63.4197		39.9446
1659		63.4188		39.8905
1660		63.4179		39.8362
1661		63.417		39.7818
1662		63.4163		39.7286
1663		63.4155		39.6762
1664		63.4147		39.6237
1665		63.4138		39.571
1666		63.413		39.5189
1667		63.412		39.4668
1668		63.4111		39.4147
1669		63.4102		39.3624
1670		63.4094		39.3101
1671		63.4085		39.2577
1672		63.4075		39.2058
1673		63.4066		39.1539
1674		63.4057		39.1019
1675		63.4048		39.0498
1676		63.4039		38.9977
1677		63.4031		38.9454
1678		63.4021		38.893
1679		63.4012		38.8407
1680		63.4002		38.7882
1681		63.3993		38.7359
1682		63.3984		38.6834
1683		63.3976		38.6308
1684		63.3967		38.5782
1685		63.3958		38.5256
1686		63.3947		38.4729
1687		63.3939		38.4201
1688		63.393		38.3674
1689		63.3922		38.3153
1690		63.3912		38.2632
1691		63.3902		38.2117
1692		63.3893		38.1605
1693		63.3884		38.1094
1694		63.3876		38.0583
1695		63.3868		38.0072
1696		63.386		37.956
1697		63.3851		37.9049
1698		63.3842		37.8538
1699		63.3833		37.8027
1700		63.3824		37.7517
1701		63.3815		37.7007
1702		63.3807		37.6496
1703		63.3798		37.5987
1704		63.379		37.5477
1705		63.3782		37.4968
1706		63.3773		37.4459
1707		63.3764		37.395
1708		63.3755		37.3443
1709		63.3747		37.2941
1710		63.3739		37.2446
1711		63.3732		37.1951
1712		63.3724		37.1457
1713		63.3716		37.0965
1714		63.3707		37.0479
1715		63.37		36.9994
1716		63.3691		36.951
1717		63.3681		36.9027
1718		63.3672		36.8545
1719		63.3664		36.8063
1720		63.3657		36.7581
1721		63.3649		36.7101
1722		63.3642		36.6622
1723		63.3634		36.6145
1724		63.3626		36.5672
1725		63.3618		36.5198
1726		63.3611		36.4726
1727		63.3605		36.4255
1728		63.3598		36.3786
1729		63.3591		36.332
1730		63.3584		36.2855
1731		63.3576		36.2391
1732		63.3569		36.1928
1733		63.356		36.1467
1734		63.3552		36.1006
1735		63.3544		36.0548
1736		63.3537		36.0094
1737		63.353		35.9647
1738		63.3521		35.9207
1739		63.3513		35.8775
1740		63.3504		35.8343
1741		63.3497		35.7913
1742		63.3488		35.7484
1743		63.348		35.7064
1744		63.3473		35.6648
1745		63.3465		35.6232
1746		63.3458		35.5819
1747		63.345		35.5406
1748		63.3444		35.4995
1749		63.3437		35.4584
1750		63.3429		35.4175
1751		63.3422		35.3768
1752		63.3414		35.3363
1753		63.3406		35.296
1754		63.34		35.2559
1755		63.3392		35.2158
1756		63.3385		35.1759
1757		63.3376		35.1361
1758		63.3368		35.0964
1759		63.3361		35.057
1760		63.3353		35.0176
1761		63.3345		34.9784
1762		63.3336		34.9394
1763		63.3328		34.9006
1764		63.332		34.862
1765		63.3312		34.8237
1766		63.3303		34.7855
1767		63.3295		34.7474
1768		63.3287		34.7095
1769		63.3279		34.6722
1770		63.3271		34.6355
1771		63.3262		34.5989
1772		63.3255		34.5624
1773		63.3246		34.5262
1774		63.3239		34.49
1775		63.3231		34.454
1776		63.3224		34.4182
1777		63.3216		34.3824
1778		63.3209		34.3468
1779		63.3201		34.3115
1780		63.3194		34.2763
1781		63.3187		34.2413
1782		63.318		34.2064
1783		63.3173		34.1717
1784		63.3166		34.1376
1785		63.3159		34.104
1786		63.3152		34.0712
1787		63.3144		34.0386
1788		63.3137		34.0061
1789		63.3131		33.9739
1790		63.3124		33.9417
1791		63.3116		33.9097
1792		63.3108		33.8777
1793		63.31		33.846
1794		63.3094		33.8144
1795		63.3087		33.7829
1796		63.308		33.7516
1797		63.3072		33.7204
1798		63.3064		33.6893
1799		63.3056		33.6584
1800		63.3048		33.6275
1801		63.3041		33.5967
1802		63.3032		33.5661
1803		63.3024		33.5356
1804		63.3017		33.5052
1805		63.3009		33.475
1806		63.3		33.445
1807		63.2991		33.4149
1808		63.2982		33.3852
1809		63.2973		33.3555
1810		63.2963		33.3259
1811		63.2955		33.2965
1812		63.2946		33.2671
1813		63.2938		33.2379
1814		63.293		33.2088
1815		63.2923		33.1798
1816		63.2915		33.1509
1817		63.2908		33.1221
1818		63.2901		33.0934
1819		63.2893		33.0648
1820		63.2886		33.0362
1821		63.2878		33.0078
1822		63.2871		32.9795
1823		63.2864		32.9513
1824		63.2857		32.9234
1825		63.2849		32.8955
1826		63.2841		32.8677
1827		63.2834		32.8401
1828		63.2826		32.8125
1829		63.2818		32.785
1830		63.2811		32.7577
1831		63.2803		32.7306
1832		63.2796		32.7036
1833		63.2789		32.6768
1834		63.2782		32.6499
1835		63.2774		32.6232
1836		63.2767		32.5966
1837		63.2759		32.57
1838		63.275		32.5434
1839		63.2743		32.517
1840		63.2733		32.4908
1841		63.2724		32.4646
1842		63.2716		32.4384
1843		63.2707		32.4123
1844		63.2698		32.3865
1845		63.2691		32.3608
1846		63.2683		32.3351
1847		63.2676		32.3095
1848		63.2668		32.2841
1849		63.2659		32.2587
1850		63.265		32.2333
1851		63.2642		32.2081
1852		63.2633		32.1829
1853		63.2625		32.1578
1854		63.2617		32.1327
1855		63.2609		32.1077
1856		63.2602		32.0828
1857		63.2593		32.0579
1858		63.2585		32.0333
1859		63.2577		32.0088
1860		63.2569		31.9843
1861		63.256		31.9599
1862		63.2551		31.9356
1863		63.2543		31.9113
1864		63.2534		31.8871
1865		63.2525		31.863
1866		63.2516		31.8389
1867		63.2506		31.8149
1868		63.2495		31.791
1869		63.2486		31.767
1870		63.2478		31.7431
1871		63.247		31.7194
1872		63.2462		31.6957
1873		63.2453		31.6721
1874		63.2445		31.6485
1875		63.2437		31.6257
1876		63.2429		31.6031
1877		63.242		31.5805
1878		63.2412		31.5581
1879		63.2404		31.5356
1880		63.2396		31.5132
1881		63.2388		31.491
1882		63.2378		31.4691
1883		63.2369		31.4474
1884		63.2359		31.4258
1885		63.235		31.4042
1886		63.2341		31.3828
1887		63.2333		31.3615
1888		63.2324		31.3401
1889		63.2316		31.3188
1890		63.2307		31.2976
1891		63.2299		31.2765
1892		63.229		31.2554
1893		63.2281		31.2344
1894		63.2272		31.2135
1895		63.2264		31.1926
1896		63.2255		31.1717
1897		63.2246		31.1508
1898		63.2238		31.1301
1899		63.2229		31.1094
1900		63.2221		31.0887
1901		63.2212		31.0681
1902		63.2204		31.0475
1903		63.2194		31.027
1904		63.2185		31.0066
1905		63.2177		30.9862
1906		63.2167		30.9658
1907		63.2158		30.9455
1908		63.2149		30.9252
1909		63.214		30.9051
1910		63.2131		30.8852
1911		63.2122		30.8653
1912		63.2113		30.8455
1913		63.2105		30.8257
1914		63.2095		30.806
1915		63.2087		30.7863
1916		63.2077		30.7666
1917		63.2068		30.747
1918		63.2058		30.7274
1919		63.205		30.7079
1920		63.2041		30.6883
1921		63.2032		30.6689
1922		63.2023		30.6495
1923		63.2014		30.6301
1924		63.2004		30.6108
1925		63.1996		30.5915
1926		63.1988		30.5723
1927		63.198		30.5531
1928		63.197		30.5339
1929		63.1961		30.5147
1930		63.1951		30.4957
1931		63.1942		30.4768
1932		63.1934		30.4579
1933		63.1926		30.439
1934		63.1918		30.4202
1935		63.191		30.4015
1936		63.19		30.3828
1937		63.189		30.3641
1938		63.188		30.3455
1939		63.187		30.3269
1940		63.1861		30.3083
1941		63.1851		30.2898
1942		63.1843		30.2713
1943		63.1834		30.2529
1944		63.1825		30.2345
1945		63.1817		30.2162
1946		63.1809		30.1979
1947		63.1801		30.1796
1948		63.1792		30.1614
1949		63.1784		30.1432
1950		63.1776		30.1251
1951		63.1767		30.107
1952		63.1758		30.089
1953		63.175		30.071
1954		63.1742		30.0531
1955		63.1734		30.0352
1956		63.1724		30.0175
1957		63.1714		29.9999
1958		63.1706		29.9823
1959		63.1698		29.9648
1960		63.1689		29.9474
1961		63.168		29.9299
1962		63.167		29.9125
1963		63.1661		29.8952
1964		63.1651		29.8779
1965		63.1642		29.8606
1966		63.1633		29.8434
1967		63.1624		29.8262
1968		63.1615		29.8091
1969		63.1606		29.792
1970		63.1596		29.7749
1971		63.1587		29.758
1972		63.1579		29.741
1973		63.1569		29.7241
1974		63.1559		29.7072
1975		63.155		29.6905
1976		63.1541		29.6737
1977		63.153		29.657
1978		63.1521		29.6403
1979		63.1512		29.6237
1980		63.1504		29.6072
1981		63.1494		29.5906
1982		63.1485		29.5742
1983		63.1476		29.5578
1984		63.1467		29.5413
1985		63.1458		29.525
1986		63.145		29.5086
1987		63.1441		29.4924
1988		63.1432		29.4763
1989		63.1423		29.4606
1990		63.1414		29.4451
1991		63.1405		29.4294
1992		63.1396		29.414
1993		63.1387		29.3986
1994		63.1377		29.3832
1995		63.1367		29.368
1996		63.1357		29.3529
1997		63.1346		29.3379
1998		63.1336		29.323
1999		63.1326		29.3081
2000		63.1316		29.2933


Vector_of_weights_training

Lp. || value

1		1.46059
2		17.9688
3		7.86012
4		-19.6925
5		-18.2028
6		4.55812
7		6.02785
8		-9.33991
9		6.47664
10		-1.8994
11		1.75228
12		-6.51898
13		-2.72976
14		2.15922


Vector_of_bias_weights_training

Lp. || value

1		-5.01046
2		13.9934
3		11.0275
4		-3.39078
5		0.254258
6		0.532367


Vector_of_weights_validation

Lp. || value

1		3.26447
2		-16.5493
3		5.14213
4		-14.7667
5		22.7094
6		-3.33623
7		-2.97262
8		0.397617
9		-4.80867
10		-4.64295
11		-5.58562
12		-6.05935
13		-1.88771
14		-3.4023


Vector_of_bias_weights_validation

Lp. || value

1		3.84111
2		11.1623
3		-16.1915
4		2.1825
5		4.09268
6		1.60429
