MLP_2-4-8-16__2000_Epochs_2025_08_07_18_49_43.txt

MAPE_training(2000): 49.8047
MAPE_validation(2000): 58.0649

Number of epochs || MAPE_value_training || MAPE_value_validation

1		162.284		144.158
2		154.8		129.86
3		153.027		115.462
4		152.609		104.055
5		152.503		96.028
6		152.468		91.214
7		152.449		88.6066
8		152.433		87.2316
9		152.418		86.4891
10		152.402		86.0906
11		152.386		85.877
12		152.37		85.7649
13		152.352		85.708
14		152.334		85.6807
15		152.315		85.6699
16		152.295		85.6679
17		152.273		85.6708
18		152.251		85.6763
19		152.228		85.6833
20		152.203		85.6911
21		152.176		85.6992
22		152.148		85.7076
23		152.118		85.716
24		152.086		85.7245
25		152.052		85.7327
26		152.016		85.7408
27		151.977		85.7489
28		151.935		85.7566
29		151.891		85.7642
30		151.844		85.7716
31		151.793		85.7787
32		151.739		85.7853
33		151.681		85.7917
34		151.618		85.7975
35		151.551		85.803
36		151.478		85.8078
37		151.4		85.8122
38		151.316		85.8159
39		151.225		85.8189
40		151.127		85.8212
41		151.02		85.8228
42		150.904		85.8235
43		150.779		85.8233
44		150.642		85.8221
45		150.492		85.8199
46		150.328		85.8165
47		150.148		85.812
48		149.951		85.8062
49		149.734		85.799
50		149.496		85.7905
51		149.232		85.7804
52		148.941		85.7687
53		148.618		85.7552
54		148.261		85.74
55		147.866		85.7226
56		147.428		85.7034
57		146.945		85.6818
58		146.411		85.658
59		145.822		85.6316
60		145.174		85.6025
61		144.462		85.5706
62		143.682		85.5356
63		142.83		85.4973
64		141.902		85.4555
65		140.893		85.4098
66		139.807		85.36
67		138.64		85.3058
68		137.392		85.2468
69		136.062		85.1825
70		134.651		85.1125
71		133.163		85.0363
72		131.603		84.953
73		129.975		84.8619
74		128.288		84.7622
75		126.559		84.6528
76		124.803		84.5325
77		123.033		84.4001
78		121.263		84.2543
79		119.491		84.0939
80		117.736		83.9177
81		115.999		83.7236
82		114.29		83.5103
83		112.624		83.2759
84		111.009		83.021
85		109.452		82.7435
86		107.961		82.4439
87		106.542		82.1256
88		105.184		81.7909
89		103.884		81.4414
90		102.652		81.078
91		101.494		80.7021
92		100.402		80.3134
93		99.3632		79.912
94		98.3737		79.5009
95		97.433		79.0797
96		96.5478		78.6467
97		95.7119		78.1999
98		94.9248		77.7391
99		94.1879		77.2645
100		93.4916		76.7766
101		92.83		76.2811
102		92.201		75.7712
103		91.6027		75.2484
104		91.0325		74.7151
105		90.4932		74.1717
106		89.9793		73.6237
107		89.4894		73.0686
108		89.0209		72.506
109		88.5715		71.9391
110		88.1398		71.3672
111		87.7246		70.7995
112		87.3258		70.2332
113		86.9441		69.6635
114		86.5763		69.0938
115		86.2219		68.5285
116		85.8825		67.9701
117		85.5568		67.4241
118		85.2409		66.8879
119		84.9343		66.3559
120		84.6373		65.8352
121		84.3483		65.3251
122		84.0668		64.8199
123		83.7925		64.3206
124		83.5264		63.8282
125		83.2675		63.3474
126		83.0154		62.8782
127		82.7711		62.4261
128		82.5337		61.9833
129		82.3023		61.5557
130		82.0768		61.1433
131		81.8568		60.7476
132		81.643		60.3619
133		81.4353		59.9868
134		81.2334		59.6209
135		81.0377		59.2672
136		80.8486		58.9262
137		80.6658		58.5975
138		80.4891		58.2767
139		80.3181		57.9641
140		80.1528		57.6591
141		79.9931		57.3642
142		79.8384		57.0857
143		79.6886		56.8168
144		79.5431		56.5574
145		79.4016		56.3077
146		79.2635		56.0683
147		79.1285		55.8387
148		78.9963		55.6149
149		78.8668		55.3972
150		78.7396		55.1853
151		78.614		54.9784
152		78.4898		54.7765
153		78.3669		54.5799
154		78.2448		54.3905
155		78.1235		54.2072
156		78.0027		54.03
157		77.8827		53.8581
158		77.7628		53.6914
159		77.6432		53.5304
160		77.524		53.3749
161		77.4052		53.2237
162		77.2864		53.0793
163		77.1674		52.9411
164		77.0482		52.8068
165		76.9291		52.6759
166		76.8098		52.5486
167		76.6903		52.4266
168		76.5709		52.3098
169		76.4519		52.1961
170		76.3329		52.0854
171		76.2142		51.9781
172		76.0952		51.8741
173		75.9765		51.7731
174		75.8582		51.6753
175		75.7403		51.5809
176		75.623		51.4891
177		75.506		51.4003
178		75.3895		51.3143
179		75.2734		51.231
180		75.159		51.1501
181		75.0455		51.0725
182		74.9328		50.9973
183		74.8207		50.9243
184		74.7095		50.8534
185		74.5991		50.7847
186		74.4897		50.7181
187		74.3817		50.6537
188		74.2749		50.5912
189		74.1693		50.5308
190		74.0652		50.4725
191		73.9624		50.4163
192		73.8608		50.3619
193		73.7604		50.3092
194		73.6622		50.2589
195		73.5654		50.21
196		73.4701		50.163
197		73.3764		50.1175
198		73.2842		50.0735
199		73.1931		50.031
200		73.1031		49.99
201		73.0144		49.9508
202		72.9272		49.9132
203		72.8411		49.8773
204		72.7563		49.8427
205		72.6726		49.8095
206		72.59		49.7777
207		72.5085		49.7472
208		72.4282		49.7178
209		72.3488		49.6895
210		72.2709		49.6624
211		72.1942		49.6363
212		72.1186		49.6114
213		72.0444		49.5878
214		71.9711		49.5655
215		71.899		49.5442
216		71.8279		49.5238
217		71.7577		49.5041
218		71.6885		49.4853
219		71.6201		49.4673
220		71.5528		49.45
221		71.4862		49.4336
222		71.4204		49.4178
223		71.3555		49.4027
224		71.2915		49.3881
225		71.2282		49.3742
226		71.1658		49.3609
227		71.104		49.3481
228		71.0432		49.3358
229		70.9832		49.324
230		70.9239		49.3126
231		70.8653		49.3016
232		70.8074		49.291
233		70.7502		49.2808
234		70.6938		49.2708
235		70.638		49.2611
236		70.5829		49.2517
237		70.5286		49.2426
238		70.4751		49.2337
239		70.4223		49.2249
240		70.37		49.2163
241		70.3183		49.2078
242		70.2672		49.1993
243		70.2168		49.1909
244		70.1673		49.1826
245		70.1184		49.1742
246		70.0699		49.1658
247		70.0222		49.1574
248		69.975		49.1489
249		69.9285		49.1403
250		69.8823		49.1316
251		69.8367		49.1228
252		69.7918		49.1139
253		69.7473		49.1048
254		69.7032		49.0955
255		69.6596		49.0861
256		69.6164		49.0766
257		69.5738		49.0668
258		69.5317		49.0568
259		69.4902		49.0466
260		69.449		49.0362
261		69.4082		49.0256
262		69.3679		49.0147
263		69.3279		49.0036
264		69.2882		48.9923
265		69.2489		48.9808
266		69.2099		48.9689
267		69.1712		48.9569
268		69.133		48.9445
269		69.0949		48.932
270		69.0572		48.9193
271		69.0199		48.9063
272		68.9828		48.8931
273		68.946		48.8798
274		68.9095		48.8662
275		68.8733		48.8524
276		68.8373		48.8384
277		68.8017		48.8242
278		68.7663		48.8097
279		68.7313		48.7951
280		68.6965		48.7802
281		68.662		48.7652
282		68.6278		48.7499
283		68.5939		48.7345
284		68.5601		48.7189
285		68.5266		48.7032
286		68.4934		48.6872
287		68.4604		48.671
288		68.4276		48.6546
289		68.395		48.638
290		68.3625		48.6211
291		68.3303		48.604
292		68.2984		48.5867
293		68.2669		48.5691
294		68.2355		48.5512
295		68.2045		48.5331
296		68.1736		48.5146
297		68.1429		48.4958
298		68.1124		48.4768
299		68.0821		48.4575
300		68.0519		48.4378
301		68.022		48.4177
302		67.9922		48.3977
303		67.9626		48.3772
304		67.9335		48.3566
305		67.9046		48.3358
306		67.876		48.3147
307		67.8474		48.2939
308		67.819		48.2727
309		67.7907		48.251
310		67.7626		48.2292
311		67.7346		48.2071
312		67.7068		48.1851
313		67.679		48.1632
314		67.6515		48.1409
315		67.6241		48.1182
316		67.5969		48.0951
317		67.5697		48.0716
318		67.5426		48.0475
319		67.5158		48.0231
320		67.4891		47.9983
321		67.4624		47.9731
322		67.436		47.9474
323		67.4096		47.9214
324		67.3834		47.895
325		67.3575		47.8682
326		67.3316		47.8411
327		67.3058		47.8137
328		67.2803		47.7859
329		67.2549		47.7579
330		67.2298		47.7301
331		67.2047		47.7021
332		67.1797		47.6738
333		67.1548		47.6454
334		67.13		47.6172
335		67.1054		47.5891
336		67.0809		47.5617
337		67.0564		47.5346
338		67.0321		47.5074
339		67.0079		47.4803
340		66.9837		47.453
341		66.9597		47.4261
342		66.9359		47.4001
343		66.912		47.3741
344		66.8883		47.348
345		66.8647		47.3219
346		66.8412		47.296
347		66.8179		47.2701
348		66.7946		47.2442
349		66.7716		47.2183
350		66.7484		47.1925
351		66.7255		47.1669
352		66.7026		47.1414
353		66.6799		47.1163
354		66.6572		47.0913
355		66.6346		47.0664
356		66.612		47.0417
357		66.5895		47.0174
358		66.5671		46.9932
359		66.5448		46.9691
360		66.5226		46.9451
361		66.5004		46.9212
362		66.4782		46.8974
363		66.4562		46.8737
364		66.4342		46.85
365		66.4123		46.8265
366		66.3904		46.803
367		66.3686		46.7797
368		66.347		46.7564
369		66.3253		46.7332
370		66.3038		46.71
371		66.2823		46.6876
372		66.2608		46.666
373		66.2393		46.6444
374		66.218		46.6231
375		66.1968		46.6016
376		66.1757		46.5805
377		66.1545		46.5596
378		66.1333		46.5388
379		66.1121		46.5181
380		66.091		46.4975
381		66.07		46.477
382		66.0489		46.4567
383		66.0278		46.4364
384		66.0067		46.4163
385		65.9856		46.3962
386		65.9647		46.3762
387		65.9437		46.3563
388		65.9227		46.3366
389		65.9016		46.317
390		65.8807		46.2975
391		65.8596		46.2781
392		65.8386		46.2587
393		65.8176		46.2395
394		65.7966		46.2204
395		65.7755		46.2014
396		65.7544		46.1825
397		65.7332		46.1639
398		65.7121		46.1454
399		65.691		46.127
400		65.6698		46.1087
401		65.6486		46.0905
402		65.6273		46.0725
403		65.606		46.0544
404		65.5847		46.0366
405		65.5635		46.0189
406		65.5421		46.0013
407		65.5207		45.9838
408		65.4992		45.9664
409		65.4777		45.9492
410		65.4561		45.932
411		65.4345		45.915
412		65.4128		45.8981
413		65.391		45.8814
414		65.3693		45.8647
415		65.3473		45.8483
416		65.3254		45.832
417		65.3033		45.8159
418		65.2812		45.7999
419		65.259		45.7841
420		65.2367		45.7683
421		65.2144		45.7528
422		65.192		45.7373
423		65.1695		45.722
424		65.1469		45.7068
425		65.1243		45.6918
426		65.1016		45.6769
427		65.0788		45.6622
428		65.056		45.6476
429		65.033		45.6332
430		65.0101		45.6189
431		64.9871		45.6047
432		64.964		45.5908
433		64.9407		45.5769
434		64.9173		45.5633
435		64.894		45.5498
436		64.8706		45.5364
437		64.8472		45.5234
438		64.8238		45.5106
439		64.8003		45.4979
440		64.7767		45.4853
441		64.7531		45.4729
442		64.7294		45.4608
443		64.7056		45.4488
444		64.6817		45.4369
445		64.6579		45.4252
446		64.6339		45.4136
447		64.6099		45.4022
448		64.5857		45.391
449		64.5615		45.3798
450		64.5373		45.3689
451		64.5128		45.3581
452		64.4883		45.3474
453		64.4638		45.3368
454		64.4391		45.3265
455		64.4143		45.3162
456		64.3896		45.3061
457		64.3647		45.2961
458		64.3398		45.2863
459		64.3146		45.2766
460		64.2895		45.267
461		64.2642		45.2577
462		64.2389		45.2487
463		64.2135		45.24
464		64.188		45.2314
465		64.1624		45.223
466		64.1368		45.2147
467		64.1111		45.2065
468		64.0853		45.1984
469		64.0595		45.1905
470		64.0335		45.1826
471		64.0075		45.1749
472		63.9814		45.1673
473		63.9553		45.1598
474		63.9293		45.1525
475		63.9032		45.1452
476		63.8769		45.138
477		63.8506		45.131
478		63.8243		45.124
479		63.7979		45.1171
480		63.7714		45.1103
481		63.7448		45.1036
482		63.7182		45.0969
483		63.6915		45.0903
484		63.6648		45.0838
485		63.638		45.0773
486		63.6111		45.0709
487		63.5842		45.0646
488		63.5572		45.0583
489		63.5303		45.052
490		63.5033		45.0457
491		63.4763		45.0395
492		63.4493		45.0334
493		63.4223		45.0273
494		63.3952		45.0212
495		63.3681		45.0151
496		63.3409		45.009
497		63.3138		45.0031
498		63.2866		44.9973
499		63.2593		44.9914
500		63.232		44.9856
501		63.2046		44.9797
502		63.1772		44.9739
503		63.1497		44.9679
504		63.1223		44.9621
505		63.0948		44.9562
506		63.0672		44.9503
507		63.0398		44.9444
508		63.0123		44.9384
509		62.9849		44.9324
510		62.9574		44.9263
511		62.9299		44.9202
512		62.9022		44.9139
513		62.8747		44.9076
514		62.8471		44.9013
515		62.8195		44.8949
516		62.7918		44.8883
517		62.7641		44.8816
518		62.7365		44.8748
519		62.7089		44.8679
520		62.6813		44.8609
521		62.6536		44.8537
522		62.6261		44.8464
523		62.5984		44.839
524		62.5709		44.8314
525		62.5433		44.8236
526		62.5157		44.8156
527		62.4882		44.8076
528		62.4606		44.7993
529		62.4331		44.7909
530		62.4055		44.7823
531		62.3781		44.7735
532		62.3506		44.7645
533		62.323		44.756
534		62.2954		44.7476
535		62.2679		44.7393
536		62.2404		44.7311
537		62.2128		44.7228
538		62.1853		44.7162
539		62.1579		44.7097
540		62.1304		44.7031
541		62.103		44.6968
542		62.0757		44.6906
543		62.0485		44.6846
544		62.0212		44.6787
545		61.9938		44.6729
546		61.9665		44.6673
547		61.9392		44.6615
548		61.9119		44.6558
549		61.8846		44.6496
550		61.8572		44.6428
551		61.8298		44.635
552		61.8025		44.6261
553		61.7751		44.6159
554		61.748		44.6043
555		61.7209		44.5913
556		61.6939		44.577
557		61.6668		44.5617
558		61.6397		44.5458
559		61.6126		44.5296
560		61.5856		44.5135
561		61.5585		44.4977
562		61.5314		44.483
563		61.5043		44.4693
564		61.4772		44.4576
565		61.4502		44.4483
566		61.4232		44.4403
567		61.3963		44.4341
568		61.3695		44.4294
569		61.3426		44.4268
570		61.3158		44.427
571		61.2889		44.4297
572		61.262		44.4337
573		61.2352		44.4382
574		61.2082		44.4438
575		61.1814		44.4505
576		61.1546		44.4575
577		61.1277		44.4648
578		61.1008		44.4723
579		61.0739		44.4799
580		61.0469		44.4875
581		61.02		44.4952
582		60.9932		44.5027
583		60.9663		44.5103
584		60.9394		44.5178
585		60.9126		44.5251
586		60.8857		44.5325
587		60.8589		44.5401
588		60.8321		44.5474
589		60.8053		44.5545
590		60.7785		44.5614
591		60.7517		44.5679
592		60.7248		44.5743
593		60.698		44.5802
594		60.6712		44.5859
595		60.6443		44.5912
596		60.6175		44.596
597		60.5906		44.6009
598		60.5638		44.6054
599		60.537		44.6097
600		60.5102		44.6137
601		60.4835		44.6175
602		60.4568		44.6209
603		60.4301		44.624
604		60.4035		44.6269
605		60.3769		44.6297
606		60.3502		44.6321
607		60.3236		44.6343
608		60.2971		44.636
609		60.2707		44.6375
610		60.2441		44.6386
611		60.2177		44.6394
612		60.1913		44.6398
613		60.1649		44.64
614		60.1385		44.6398
615		60.1121		44.6393
616		60.0858		44.6385
617		60.0596		44.6375
618		60.0332		44.6361
619		60.0071		44.6345
620		59.9809		44.6326
621		59.9548		44.6304
622		59.9287		44.6279
623		59.9027		44.6253
624		59.8767		44.6224
625		59.8508		44.6191
626		59.8248		44.6156
627		59.799		44.6119
628		59.7734		44.6081
629		59.7478		44.6041
630		59.7223		44.6
631		59.6969		44.5957
632		59.6716		44.5911
633		59.6463		44.5863
634		59.6211		44.5813
635		59.596		44.5761
636		59.5709		44.5707
637		59.546		44.5651
638		59.521		44.5592
639		59.4962		44.5532
640		59.4715		44.5469
641		59.4468		44.5405
642		59.4223		44.5339
643		59.3978		44.5271
644		59.3733		44.5202
645		59.3491		44.5131
646		59.3249		44.5058
647		59.3008		44.4984
648		59.2767		44.4908
649		59.2529		44.483
650		59.2291		44.4752
651		59.2054		44.4672
652		59.1818		44.4591
653		59.1584		44.4508
654		59.135		44.4425
655		59.1117		44.434
656		59.0886		44.4254
657		59.0655		44.4168
658		59.0427		44.4081
659		59.0198		44.3994
660		58.9972		44.3907
661		58.9747		44.382
662		58.9522		44.3732
663		58.9299		44.3643
664		58.9078		44.3555
665		58.8857		44.3466
666		58.8639		44.3379
667		58.8422		44.3292
668		58.8207		44.3204
669		58.7994		44.3116
670		58.7782		44.3028
671		58.7572		44.2942
672		58.7364		44.2855
673		58.7157		44.2769
674		58.6951		44.2683
675		58.6747		44.2597
676		58.6544		44.2512
677		58.6343		44.2427
678		58.6143		44.2341
679		58.5945		44.2257
680		58.575		44.2173
681		58.5556		44.209
682		58.5363		44.2007
683		58.5172		44.1925
684		58.4982		44.1843
685		58.4793		44.1762
686		58.4605		44.1681
687		58.442		44.1602
688		58.4235		44.1522
689		58.4051		44.1444
690		58.3868		44.1367
691		58.3688		44.1291
692		58.3509		44.1216
693		58.3332		44.1143
694		58.3156		44.1071
695		58.2982		44.1
696		58.2808		44.093
697		58.2637		44.0861
698		58.2466		44.0794
699		58.2297		44.0729
700		58.2129		44.0664
701		58.1963		44.0601
702		58.1799		44.0539
703		58.1635		44.0478
704		58.1472		44.042
705		58.1312		44.0362
706		58.1152		44.0306
707		58.0994		44.0252
708		58.0838		44.02
709		58.0683		44.0149
710		58.0529		44.01
711		58.0377		44.0053
712		58.0225		44.0008
713		58.0076		43.9965
714		57.9927		43.9924
715		57.978		43.9885
716		57.9635		43.9849
717		57.949		43.9819
718		57.9347		43.9791
719		57.9204		43.9765
720		57.9065		43.9742
721		57.8926		43.9722
722		57.8787		43.9703
723		57.8651		43.9688
724		57.8516		43.9676
725		57.8383		43.9668
726		57.825		43.9663
727		57.8119		43.9662
728		57.7989		43.9664
729		57.7859		43.9669
730		57.7733		43.9678
731		57.7607		43.969
732		57.7483		43.9706
733		57.7361		43.9725
734		57.7241		43.9748
735		57.7122		43.9775
736		57.7004		43.9806
737		57.6887		43.9841
738		57.6772		43.9878
739		57.6659		43.992
740		57.6546		43.9965
741		57.6434		44.0014
742		57.6323		44.0067
743		57.6213		44.0124
744		57.6104		44.0185
745		57.5995		44.0249
746		57.589		44.0317
747		57.5786		44.0388
748		57.5682		44.0463
749		57.5579		44.0541
750		57.5476		44.0623
751		57.5375		44.0707
752		57.5275		44.0794
753		57.5175		44.0884
754		57.5075		44.0978
755		57.4976		44.1074
756		57.4878		44.1173
757		57.4781		44.1273
758		57.4684		44.1376
759		57.4588		44.1483
760		57.4492		44.1591
761		57.4397		44.1702
762		57.4301		44.1817
763		57.4206		44.1934
764		57.411		44.2053
765		57.4016		44.2175
766		57.392		44.2298
767		57.3825		44.2424
768		57.3729		44.2553
769		57.3634		44.2686
770		57.3538		44.282
771		57.3443		44.2957
772		57.3347		44.3096
773		57.3251		44.3238
774		57.3154		44.3382
775		57.3057		44.3527
776		57.296		44.3674
777		57.2863		44.3824
778		57.2766		44.3975
779		57.2668		44.4129
780		57.2569		44.4285
781		57.2471		44.4443
782		57.2373		44.4604
783		57.2275		44.4766
784		57.2176		44.493
785		57.2075		44.5098
786		57.1975		44.5267
787		57.1872		44.5439
788		57.1769		44.5614
789		57.1666		44.579
790		57.1562		44.5968
791		57.1457		44.615
792		57.1354		44.6332
793		57.1249		44.6517
794		57.1144		44.6703
795		57.1038		44.689
796		57.093		44.708
797		57.0823		44.727
798		57.0713		44.7463
799		57.0603		44.7659
800		57.0491		44.7856
801		57.0377		44.8057
802		57.0263		44.826
803		57.0148		44.8465
804		57.0031		44.8672
805		56.9914		44.8883
806		56.9794		44.9096
807		56.9673		44.9311
808		56.9551		44.9529
809		56.9428		44.975
810		56.9305		44.9972
811		56.9181		45.0196
812		56.9055		45.0423
813		56.8929		45.0653
814		56.88		45.0886
815		56.8671		45.1121
816		56.854		45.1359
817		56.8408		45.1599
818		56.8275		45.1844
819		56.8141		45.2092
820		56.8005		45.2343
821		56.7869		45.2596
822		56.7732		45.2853
823		56.7593		45.3113
824		56.7453		45.3378
825		56.7312		45.3647
826		56.7169		45.3917
827		56.7026		45.4193
828		56.6881		45.4474
829		56.6735		45.476
830		56.6588		45.5052
831		56.6439		45.5347
832		56.6289		45.5646
833		56.6138		45.5949
834		56.5985		45.6254
835		56.5831		45.6565
836		56.5676		45.6881
837		56.5519		45.7202
838		56.5362		45.7526
839		56.5204		45.7855
840		56.5043		45.8189
841		56.4882		45.8525
842		56.472		45.8863
843		56.4556		45.9206
844		56.4391		45.9549
845		56.4225		45.9893
846		56.4057		46.0238
847		56.3889		46.0586
848		56.3719		46.0937
849		56.3547		46.1289
850		56.3375		46.1642
851		56.3201		46.1997
852		56.3026		46.2355
853		56.285		46.2716
854		56.2673		46.3081
855		56.2494		46.345
856		56.2314		46.3825
857		56.2136		46.4208
858		56.1955		46.4598
859		56.1774		46.4993
860		56.1591		46.5396
861		56.1408		46.5804
862		56.1224		46.6218
863		56.1039		46.6641
864		56.0854		46.707
865		56.0667		46.7507
866		56.0479		46.795
867		56.0291		46.8409
868		56.0101		46.8875
869		55.9911		46.9348
870		55.972		46.9828
871		55.9528		47.0315
872		55.9339		47.0808
873		55.9147		47.1309
874		55.8955		47.1816
875		55.8762		47.233
876		55.8568		47.2852
877		55.8374		47.3381
878		55.8178		47.3923
879		55.7982		47.4475
880		55.7785		47.5035
881		55.7588		47.5602
882		55.739		47.6175
883		55.7192		47.6756
884		55.6992		47.7348
885		55.6792		47.795
886		55.659		47.8559
887		55.6388		47.9174
888		55.6187		47.9796
889		55.5984		48.043
890		55.578		48.1071
891		55.5576		48.1722
892		55.5369		48.2382
893		55.5163		48.3052
894		55.4957		48.3731
895		55.475		48.4416
896		55.4542		48.5106
897		55.4333		48.5802
898		55.4124		48.6509
899		55.3915		48.7222
900		55.3705		48.794
901		55.3496		48.8664
902		55.3287		48.9398
903		55.3076		49.0139
904		55.2866		49.0884
905		55.2655		49.1637
906		55.2443		49.2394
907		55.223		49.3156
908		55.2017		49.3927
909		55.1804		49.4709
910		55.1589		49.5496
911		55.1374		49.6287
912		55.1157		49.7082
913		55.0942		49.7882
914		55.0725		49.8689
915		55.0508		49.9499
916		55.029		50.0317
917		55.0072		50.1139
918		54.9853		50.1966
919		54.9633		50.2794
920		54.9413		50.3626
921		54.9193		50.4459
922		54.8971		50.5295
923		54.8749		50.6132
924		54.8526		50.6971
925		54.8303		50.7812
926		54.8079		50.8656
927		54.7855		50.9503
928		54.7631		51.0352
929		54.7406		51.1208
930		54.718		51.2063
931		54.6953		51.2927
932		54.6726		51.3795
933		54.6498		51.4671
934		54.627		51.555
935		54.6041		51.6434
936		54.5814		51.7318
937		54.5586		51.8203
938		54.5359		51.9089
939		54.5131		51.9979
940		54.4901		52.0869
941		54.4672		52.1762
942		54.4441		52.2665
943		54.4211		52.3568
944		54.3979		52.447
945		54.3748		52.537
946		54.3515		52.6267
947		54.3282		52.7162
948		54.305		52.8058
949		54.2815		52.8956
950		54.2581		52.985
951		54.2346		53.0739
952		54.211		53.1624
953		54.1874		53.2504
954		54.1638		53.3379
955		54.1401		53.4252
956		54.1166		53.5126
957		54.0929		53.5998
958		54.0694		53.6863
959		54.0457		53.7725
960		54.0221		53.8586
961		53.9984		53.9444
962		53.9746		54.0303
963		53.9508		54.1152
964		53.927		54.1997
965		53.9031		54.2839
966		53.8792		54.3675
967		53.8553		54.4503
968		53.8313		54.5325
969		53.8073		54.6138
970		53.7832		54.6943
971		53.7591		54.774
972		53.735		54.8528
973		53.7108		54.9308
974		53.6867		55.0085
975		53.6625		55.0854
976		53.6382		55.1613
977		53.6139		55.2366
978		53.5897		55.3109
979		53.5654		55.3844
980		53.5411		55.4574
981		53.5166		55.5296
982		53.4923		55.6009
983		53.4681		55.6713
984		53.4439		55.7408
985		53.4197		55.8095
986		53.3956		55.8771
987		53.3714		55.9443
988		53.3472		56.0107
989		53.323		56.0764
990		53.2988		56.1417
991		53.2747		56.206
992		53.2507		56.2694
993		53.2267		56.3317
994		53.2027		56.393
995		53.1786		56.4534
996		53.1548		56.5132
997		53.1311		56.5725
998		53.1077		56.6307
999		53.0842		56.6883
1000		53.0607		56.7453
1001		53.0373		56.8013
1002		53.0139		56.8564
1003		52.9905		56.9106
1004		52.9671		56.9637
1005		52.9437		57.0158
1006		52.9204		57.0671
1007		52.897		57.1178
1008		52.8738		57.1674
1009		52.8507		57.2161
1010		52.8276		57.2639
1011		52.8044		57.3106
1012		52.7814		57.3565
1013		52.7583		57.4015
1014		52.7357		57.4455
1015		52.7131		57.4886
1016		52.6906		57.5308
1017		52.668		57.5721
1018		52.6454		57.6125
1019		52.6229		57.6522
1020		52.6003		57.691
1021		52.5777		57.7289
1022		52.5552		57.7661
1023		52.5326		57.8023
1024		52.5101		57.8378
1025		52.4876		57.8725
1026		52.4654		57.9064
1027		52.4433		57.9395
1028		52.4212		57.9719
1029		52.3991		58.0035
1030		52.377		58.0344
1031		52.3549		58.0645
1032		52.3328		58.0939
1033		52.3108		58.1226
1034		52.289		58.1506
1035		52.2672		58.1779
1036		52.2455		58.2045
1037		52.2237		58.2304
1038		52.202		58.2557
1039		52.1802		58.2803
1040		52.1585		58.3043
1041		52.1367		58.3278
1042		52.115		58.3507
1043		52.0934		58.3731
1044		52.072		58.3949
1045		52.0504		58.4163
1046		52.0291		58.4371
1047		52.0078		58.4574
1048		51.9866		58.477
1049		51.9653		58.4961
1050		51.9441		58.5147
1051		51.9232		58.5328
1052		51.9022		58.5504
1053		51.8814		58.5675
1054		51.8605		58.5842
1055		51.8398		58.6003
1056		51.8191		58.616
1057		51.7984		58.6313
1058		51.7778		58.646
1059		51.7572		58.6603
1060		51.7366		58.6742
1061		51.7161		58.6876
1062		51.6956		58.7006
1063		51.6753		58.7132
1064		51.6551		58.7254
1065		51.635		58.7371
1066		51.6149		58.7485
1067		51.5948		58.7596
1068		51.575		58.7702
1069		51.5556		58.7805
1070		51.5363		58.7905
1071		51.5171		58.8001
1072		51.4979		58.8092
1073		51.479		58.8181
1074		51.4603		58.8267
1075		51.4416		58.835
1076		51.4231		58.8429
1077		51.4047		58.8506
1078		51.3864		58.858
1079		51.3682		58.8651
1080		51.3502		58.8718
1081		51.3322		58.8784
1082		51.3144		58.8846
1083		51.2965		58.8905
1084		51.2788		58.8963
1085		51.2611		58.9018
1086		51.2436		58.907
1087		51.2262		58.912
1088		51.2089		58.9168
1089		51.1917		58.9213
1090		51.1748		58.9256
1091		51.1578		58.9297
1092		51.141		58.9336
1093		51.1242		58.9372
1094		51.1077		58.9407
1095		51.0913		58.944
1096		51.0749		58.9471
1097		51.0586		58.95
1098		51.0424		58.9528
1099		51.0264		58.9553
1100		51.0107		58.9578
1101		50.9952		58.9599
1102		50.9798		58.962
1103		50.9644		58.9639
1104		50.9491		58.9657
1105		50.9339		58.9673
1106		50.9188		58.9687
1107		50.9039		58.9699
1108		50.8889		58.9711
1109		50.874		58.9722
1110		50.8593		58.9731
1111		50.8447		58.9739
1112		50.8302		58.9745
1113		50.8157		58.975
1114		50.8014		58.9754
1115		50.7873		58.9757
1116		50.7732		58.9759
1117		50.7593		58.976
1118		50.7454		58.9761
1119		50.7316		58.9761
1120		50.7179		58.976
1121		50.7043		58.9757
1122		50.6907		58.9754
1123		50.6773		58.975
1124		50.6639		58.9745
1125		50.6506		58.974
1126		50.6374		58.9733
1127		50.6244		58.9726
1128		50.6118		58.9718
1129		50.5993		58.9709
1130		50.5869		58.97
1131		50.5746		58.969
1132		50.5623		58.9679
1133		50.5501		58.9667
1134		50.538		58.9655
1135		50.526		58.9642
1136		50.5142		58.9629
1137		50.5027		58.9615
1138		50.4912		58.96
1139		50.48		58.9585
1140		50.4687		58.9569
1141		50.4576		58.9554
1142		50.4465		58.9537
1143		50.4355		58.952
1144		50.4246		58.9503
1145		50.4138		58.9484
1146		50.4031		58.9466
1147		50.3924		58.9447
1148		50.3818		58.9427
1149		50.3713		58.9408
1150		50.3608		58.9389
1151		50.3505		58.9369
1152		50.3402		58.9349
1153		50.3301		58.9329
1154		50.3201		58.9308
1155		50.3101		58.9287
1156		50.3002		58.9266
1157		50.2903		58.9244
1158		50.2805		58.9222
1159		50.2709		58.92
1160		50.2612		58.9177
1161		50.2516		58.9154
1162		50.2422		58.9132
1163		50.2328		58.9109
1164		50.2234		58.9085
1165		50.2142		58.9062
1166		50.205		58.9038
1167		50.196		58.9014
1168		50.1869		58.8991
1169		50.1779		58.8967
1170		50.169		58.8942
1171		50.1601		58.8918
1172		50.1513		58.8893
1173		50.1426		58.8868
1174		50.1341		58.8843
1175		50.1255		58.8818
1176		50.117		58.8793
1177		50.1085		58.8768
1178		50.1001		58.8742
1179		50.0918		58.8717
1180		50.0834		58.8691
1181		50.0753		58.8666
1182		50.0674		58.864
1183		50.0594		58.8615
1184		50.0516		58.8589
1185		50.044		58.8563
1186		50.0367		58.8537
1187		50.0293		58.8512
1188		50.0219		58.8485
1189		50.0147		58.8459
1190		50.0075		58.8433
1191		50.0002		58.8407
1192		49.9931		58.8381
1193		49.9859		58.8355
1194		49.9789		58.8329
1195		49.9719		58.8303
1196		49.965		58.8277
1197		49.9581		58.8251
1198		49.9513		58.8225
1199		49.9445		58.8199
1200		49.9378		58.8173
1201		49.9311		58.8146
1202		49.9246		58.812
1203		49.9181		58.8094
1204		49.9117		58.8068
1205		49.9054		58.8041
1206		49.8991		58.8015
1207		49.8928		58.799
1208		49.8866		58.7964
1209		49.8805		58.7937
1210		49.8745		58.7911
1211		49.8687		58.7886
1212		49.8628		58.7859
1213		49.857		58.7834
1214		49.8513		58.7808
1215		49.8456		58.7782
1216		49.8399		58.7756
1217		49.8344		58.773
1218		49.8289		58.7704
1219		49.8235		58.7679
1220		49.8182		58.7653
1221		49.8129		58.7628
1222		49.8079		58.7602
1223		49.8031		58.7577
1224		49.7983		58.7552
1225		49.7936		58.7527
1226		49.789		58.7501
1227		49.7845		58.7476
1228		49.78		58.7452
1229		49.7757		58.7427
1230		49.7714		58.7401
1231		49.767		58.7377
1232		49.7626		58.7352
1233		49.7585		58.7327
1234		49.7543		58.7303
1235		49.7501		58.7278
1236		49.746		58.7253
1237		49.742		58.7228
1238		49.7379		58.7204
1239		49.734		58.718
1240		49.73		58.7155
1241		49.7262		58.7131
1242		49.7224		58.7107
1243		49.7186		58.7082
1244		49.7148		58.7058
1245		49.7112		58.7034
1246		49.7076		58.701
1247		49.704		58.6986
1248		49.7004		58.6963
1249		49.697		58.6938
1250		49.6936		58.6914
1251		49.6903		58.6891
1252		49.687		58.6867
1253		49.6839		58.6844
1254		49.681		58.682
1255		49.6784		58.6797
1256		49.6759		58.6774
1257		49.6734		58.675
1258		49.671		58.6727
1259		49.6686		58.6703
1260		49.6663		58.668
1261		49.6641		58.6657
1262		49.6621		58.6634
1263		49.6601		58.6611
1264		49.6582		58.6587
1265		49.6564		58.6565
1266		49.6546		58.6542
1267		49.6529		58.6519
1268		49.6513		58.6496
1269		49.6498		58.6474
1270		49.6485		58.6451
1271		49.6471		58.6429
1272		49.646		58.6406
1273		49.6449		58.6384
1274		49.644		58.6361
1275		49.6432		58.6339
1276		49.6426		58.6316
1277		49.642		58.6294
1278		49.6417		58.6272
1279		49.6414		58.6249
1280		49.6413		58.6227
1281		49.6413		58.6205
1282		49.6415		58.6183
1283		49.6418		58.6161
1284		49.6422		58.6139
1285		49.6427		58.6117
1286		49.6435		58.6095
1287		49.6443		58.6073
1288		49.6453		58.6051
1289		49.6466		58.6028
1290		49.648		58.6007
1291		49.6495		58.5985
1292		49.6512		58.5964
1293		49.653		58.5942
1294		49.655		58.592
1295		49.657		58.5899
1296		49.6592		58.5878
1297		49.6616		58.5856
1298		49.664		58.5835
1299		49.6666		58.5813
1300		49.6692		58.5792
1301		49.672		58.5771
1302		49.6748		58.5749
1303		49.6775		58.5728
1304		49.6804		58.5707
1305		49.6831		58.5686
1306		49.6858		58.5664
1307		49.6884		58.5643
1308		49.6908		58.5622
1309		49.6933		58.5601
1310		49.6956		58.558
1311		49.6978		58.5559
1312		49.6996		58.5538
1313		49.7012		58.5517
1314		49.7025		58.5496
1315		49.7034		58.5475
1316		49.7039		58.5454
1317		49.704		58.5433
1318		49.7036		58.5412
1319		49.7028		58.5391
1320		49.7018		58.537
1321		49.7004		58.5349
1322		49.6992		58.5328
1323		49.6976		58.5306
1324		49.6956		58.5286
1325		49.6932		58.5265
1326		49.6903		58.5244
1327		49.6871		58.5222
1328		49.6835		58.5202
1329		49.6797		58.5181
1330		49.6757		58.5159
1331		49.6714		58.5138
1332		49.6668		58.5118
1333		49.6622		58.5096
1334		49.6573		58.5075
1335		49.6522		58.5053
1336		49.6473		58.5032
1337		49.6422		58.5011
1338		49.6369		58.499
1339		49.6315		58.4968
1340		49.626		58.4946
1341		49.6205		58.4925
1342		49.6149		58.4903
1343		49.6092		58.4881
1344		49.6035		58.486
1345		49.5978		58.4838
1346		49.5921		58.4816
1347		49.5864		58.4794
1348		49.5808		58.4772
1349		49.5752		58.4749
1350		49.5697		58.4727
1351		49.5641		58.4705
1352		49.5587		58.4682
1353		49.5533		58.4659
1354		49.5479		58.4637
1355		49.5426		58.4613
1356		49.5374		58.459
1357		49.5322		58.4567
1358		49.5271		58.4543
1359		49.5221		58.452
1360		49.5171		58.4496
1361		49.5123		58.4473
1362		49.5076		58.4449
1363		49.5028		58.4425
1364		49.4983		58.44
1365		49.4938		58.4376
1366		49.4893		58.4351
1367		49.4849		58.4325
1368		49.4805		58.43
1369		49.4763		58.4275
1370		49.472		58.4248
1371		49.4679		58.4223
1372		49.4637		58.4197
1373		49.4597		58.417
1374		49.4556		58.4143
1375		49.4517		58.4115
1376		49.4478		58.4088
1377		49.4439		58.406
1378		49.4401		58.4032
1379		49.4362		58.4003
1380		49.4325		58.3975
1381		49.4286		58.3946
1382		49.425		58.3916
1383		49.4214		58.3886
1384		49.4178		58.3856
1385		49.4143		58.3826
1386		49.4107		58.3795
1387		49.4072		58.3763
1388		49.4037		58.3731
1389		49.4002		58.3698
1390		49.3968		58.3665
1391		49.3933		58.3631
1392		49.3898		58.3597
1393		49.3865		58.3562
1394		49.383		58.3527
1395		49.3796		58.3491
1396		49.3762		58.3454
1397		49.3728		58.3416
1398		49.3695		58.3378
1399		49.3661		58.3339
1400		49.3626		58.33
1401		49.3592		58.3259
1402		49.3557		58.3217
1403		49.3523		58.3175
1404		49.3488		58.3132
1405		49.3453		58.3088
1406		49.3418		58.3043
1407		49.3382		58.2998
1408		49.3347		58.2952
1409		49.3312		58.2905
1410		49.3277		58.2858
1411		49.3242		58.2809
1412		49.3208		58.2758
1413		49.3173		58.2707
1414		49.3137		58.2654
1415		49.3103		58.26
1416		49.3067		58.2544
1417		49.3032		58.2487
1418		49.2996		58.2428
1419		49.296		58.2368
1420		49.2926		58.2306
1421		49.2891		58.2243
1422		49.2857		58.2177
1423		49.2824		58.2109
1424		49.2791		58.204
1425		49.2759		58.1968
1426		49.2726		58.1894
1427		49.2694		58.1817
1428		49.2662		58.1738
1429		49.263		58.1657
1430		49.2599		58.1573
1431		49.2568		58.1486
1432		49.2537		58.1397
1433		49.2507		58.1306
1434		49.2476		58.1212
1435		49.2447		58.1115
1436		49.2419		58.1014
1437		49.2391		58.091
1438		49.2363		58.0806
1439		49.2336		58.07
1440		49.2309		58.0593
1441		49.2283		58.0483
1442		49.2258		58.0368
1443		49.2232		58.0252
1444		49.2208		58.0137
1445		49.2183		58.002
1446		49.216		57.9899
1447		49.2138		57.9774
1448		49.2115		57.9644
1449		49.2095		57.9508
1450		49.2073		57.9368
1451		49.2054		57.9226
1452		49.2034		57.9079
1453		49.2015		57.8928
1454		49.1997		57.8771
1455		49.1979		57.8609
1456		49.1961		57.8444
1457		49.1944		57.8275
1458		49.1928		57.8103
1459		49.1913		57.793
1460		49.1899		57.7757
1461		49.1886		57.7582
1462		49.1873		57.7409
1463		49.186		57.7238
1464		49.1848		57.7071
1465		49.1838		57.6908
1466		49.1827		57.6751
1467		49.1816		57.6601
1468		49.1807		57.6459
1469		49.1797		57.6326
1470		49.1788		57.6204
1471		49.178		57.6093
1472		49.1772		57.5993
1473		49.1763		57.5908
1474		49.1756		57.5834
1475		49.175		57.5775
1476		49.1744		57.573
1477		49.1738		57.5699
1478		49.1733		57.5685
1479		49.1728		57.5697
1480		49.1723		57.5731
1481		49.1718		57.5781
1482		49.1714		57.5844
1483		49.171		57.592
1484		49.1706		57.6006
1485		49.1702		57.6104
1486		49.1698		57.622
1487		49.1695		57.6344
1488		49.1691		57.6474
1489		49.1689		57.6609
1490		49.1686		57.6748
1491		49.1684		57.6891
1492		49.1681		57.7035
1493		49.1678		57.718
1494		49.1676		57.7326
1495		49.1674		57.7471
1496		49.1672		57.7614
1497		49.167		57.7756
1498		49.1668		57.7895
1499		49.1667		57.8034
1500		49.1665		57.8172
1501		49.1664		57.8305
1502		49.1663		57.8434
1503		49.1662		57.8559
1504		49.1661		57.8687
1505		49.1661		57.881
1506		49.166		57.8929
1507		49.1659		57.9043
1508		49.1658		57.9152
1509		49.1658		57.9257
1510		49.1657		57.9361
1511		49.1657		57.9462
1512		49.1656		57.9558
1513		49.1655		57.965
1514		49.1654		57.9737
1515		49.1653		57.9821
1516		49.1652		57.9901
1517		49.1651		57.9976
1518		49.1652		58.0048
1519		49.1651		58.0116
1520		49.1651		58.0181
1521		49.165		58.0242
1522		49.165		58.03
1523		49.165		58.0356
1524		49.1649		58.0409
1525		49.1648		58.0459
1526		49.1647		58.0506
1527		49.1646		58.0552
1528		49.1646		58.0594
1529		49.1645		58.0635
1530		49.1644		58.0673
1531		49.1643		58.0709
1532		49.1642		58.0744
1533		49.1641		58.0776
1534		49.1639		58.0807
1535		49.1637		58.0836
1536		49.1636		58.0863
1537		49.1634		58.0889
1538		49.1632		58.0913
1539		49.1631		58.0936
1540		49.1628		58.0958
1541		49.1626		58.0979
1542		49.1625		58.0998
1543		49.1624		58.1017
1544		49.1621		58.1035
1545		49.162		58.1052
1546		49.1618		58.1069
1547		49.1616		58.1084
1548		49.1614		58.1099
1549		49.1612		58.1113
1550		49.1609		58.1125
1551		49.1606		58.1139
1552		49.1604		58.1153
1553		49.1601		58.1166
1554		49.1599		58.1178
1555		49.1597		58.1189
1556		49.1594		58.12
1557		49.1591		58.121
1558		49.1589		58.1221
1559		49.1586		58.1235
1560		49.1583		58.1249
1561		49.1581		58.1261
1562		49.1578		58.1274
1563		49.1575		58.1284
1564		49.1572		58.1296
1565		49.1569		58.1307
1566		49.1566		58.1317
1567		49.1563		58.1328
1568		49.1561		58.1339
1569		49.1558		58.135
1570		49.1555		58.1361
1571		49.1552		58.1371
1572		49.1549		58.1381
1573		49.1547		58.1391
1574		49.1545		58.14
1575		49.1544		58.1409
1576		49.1543		58.1418
1577		49.1542		58.1427
1578		49.154		58.1436
1579		49.154		58.1445
1580		49.1538		58.1453
1581		49.1537		58.1461
1582		49.1536		58.1469
1583		49.1535		58.1476
1584		49.1534		58.1483
1585		49.1533		58.149
1586		49.1531		58.1497
1587		49.1531		58.1503
1588		49.153		58.1509
1589		49.153		58.1515
1590		49.1528		58.1522
1591		49.1528		58.1529
1592		49.1527		58.1537
1593		49.1526		58.1544
1594		49.1526		58.1549
1595		49.1526		58.1555
1596		49.1525		58.1561
1597		49.1525		58.1568
1598		49.1525		58.1574
1599		49.1525		58.1579
1600		49.1526		58.1585
1601		49.1526		58.159
1602		49.1527		58.1595
1603		49.1527		58.16
1604		49.1528		58.1605
1605		49.1528		58.161
1606		49.153		58.1614
1607		49.1531		58.1619
1608		49.1532		58.1623
1609		49.1533		58.1627
1610		49.1535		58.163
1611		49.1536		58.1634
1612		49.1539		58.1638
1613		49.1541		58.1641
1614		49.1543		58.1644
1615		49.1545		58.1648
1616		49.1548		58.165
1617		49.1551		58.1653
1618		49.1554		58.1656
1619		49.1558		58.1659
1620		49.1562		58.1662
1621		49.1566		58.1665
1622		49.157		58.1667
1623		49.1575		58.1669
1624		49.158		58.1672
1625		49.1585		58.1674
1626		49.1591		58.1676
1627		49.1597		58.1677
1628		49.1604		58.1679
1629		49.1611		58.168
1630		49.1617		58.1681
1631		49.1624		58.1682
1632		49.1631		58.1684
1633		49.1639		58.1684
1634		49.1647		58.1686
1635		49.1655		58.1687
1636		49.1664		58.1687
1637		49.1672		58.1688
1638		49.1681		58.1688
1639		49.1692		58.1689
1640		49.1703		58.169
1641		49.1715		58.1691
1642		49.1726		58.169
1643		49.1738		58.1691
1644		49.175		58.1691
1645		49.1764		58.1691
1646		49.178		58.1691
1647		49.1796		58.1691
1648		49.1812		58.169
1649		49.1828		58.169
1650		49.1845		58.1689
1651		49.1863		58.1689
1652		49.188		58.1688
1653		49.1898		58.1687
1654		49.1915		58.1687
1655		49.1934		58.1686
1656		49.1953		58.1685
1657		49.1972		58.1684
1658		49.1991		58.1683
1659		49.201		58.1682
1660		49.203		58.1681
1661		49.205		58.168
1662		49.207		58.1678
1663		49.2091		58.1677
1664		49.2112		58.1675
1665		49.2134		58.1674
1666		49.2155		58.1673
1667		49.2177		58.1671
1668		49.22		58.1669
1669		49.2223		58.1667
1670		49.2245		58.1665
1671		49.2268		58.1663
1672		49.2291		58.1662
1673		49.2315		58.166
1674		49.2339		58.1658
1675		49.2364		58.1656
1676		49.2389		58.1653
1677		49.2414		58.1651
1678		49.2439		58.1649
1679		49.2465		58.1646
1680		49.2491		58.1644
1681		49.2517		58.1642
1682		49.2543		58.164
1683		49.2571		58.1637
1684		49.26		58.1634
1685		49.2627		58.1631
1686		49.2656		58.1629
1687		49.2686		58.1626
1688		49.2715		58.1623
1689		49.2744		58.1621
1690		49.2775		58.1619
1691		49.2805		58.1616
1692		49.2836		58.1613
1693		49.2867		58.161
1694		49.2897		58.1608
1695		49.2929		58.1604
1696		49.2961		58.1602
1697		49.2992		58.1598
1698		49.3024		58.1595
1699		49.3056		58.1593
1700		49.309		58.159
1701		49.3122		58.1586
1702		49.3156		58.1583
1703		49.3189		58.158
1704		49.3224		58.1577
1705		49.3259		58.1573
1706		49.3296		58.157
1707		49.3333		58.1567
1708		49.3371		58.1563
1709		49.3408		58.156
1710		49.3446		58.1557
1711		49.3484		58.1554
1712		49.3523		58.155
1713		49.3563		58.1546
1714		49.3602		58.1543
1715		49.3641		58.154
1716		49.3681		58.1536
1717		49.3721		58.1533
1718		49.3761		58.153
1719		49.3801		58.1526
1720		49.3842		58.1522
1721		49.3883		58.1519
1722		49.3924		58.1516
1723		49.3966		58.1512
1724		49.4007		58.1508
1725		49.405		58.1505
1726		49.4093		58.1501
1727		49.4136		58.1498
1728		49.4179		58.1494
1729		49.4223		58.149
1730		49.4266		58.1487
1731		49.431		58.1483
1732		49.4354		58.1479
1733		49.4398		58.1476
1734		49.4443		58.1473
1735		49.4488		58.147
1736		49.4532		58.1467
1737		49.4578		58.1464
1738		49.4624		58.1461
1739		49.467		58.1458
1740		49.4717		58.1455
1741		49.4763		58.1452
1742		49.481		58.1449
1743		49.4858		58.1446
1744		49.4905		58.1443
1745		49.4953		58.144
1746		49.5001		58.1437
1747		49.505		58.1434
1748		49.5099		58.1431
1749		49.5149		58.1427
1750		49.5199		58.1424
1751		49.5248		58.1421
1752		49.5298		58.1417
1753		49.5348		58.1415
1754		49.5399		58.1411
1755		49.5449		58.1409
1756		49.5499		58.1405
1757		49.5551		58.1402
1758		49.5603		58.1399
1759		49.5655		58.1396
1760		49.5706		58.1392
1761		49.5758		58.1389
1762		49.581		58.1385
1763		49.5861		58.1382
1764		49.5914		58.1379
1765		49.5967		58.1376
1766		49.602		58.1372
1767		49.6073		58.1369
1768		49.6127		58.1366
1769		49.618		58.1362
1770		49.6233		58.136
1771		49.6286		58.1356
1772		49.6339		58.1353
1773		49.6392		58.135
1774		49.6445		58.1347
1775		49.6499		58.1343
1776		49.6552		58.134
1777		49.6606		58.1336
1778		49.6659		58.1333
1779		49.6713		58.1329
1780		49.6767		58.1326
1781		49.682		58.1322
1782		49.6874		58.132
1783		49.6928		58.1316
1784		49.6982		58.1312
1785		49.7037		58.1309
1786		49.7091		58.1305
1787		49.7146		58.1302
1788		49.7201		58.1299
1789		49.7257		58.1295
1790		49.7314		58.1292
1791		49.737		58.1288
1792		49.7426		58.1285
1793		49.7482		58.1281
1794		49.7539		58.1277
1795		49.7595		58.1274
1796		49.7651		58.127
1797		49.7706		58.1267
1798		49.7761		58.1263
1799		49.7817		58.126
1800		49.7873		58.1256
1801		49.7928		58.1252
1802		49.7983		58.1249
1803		49.8038		58.1245
1804		49.8093		58.1242
1805		49.8148		58.1238
1806		49.8202		58.1234
1807		49.8257		58.1231
1808		49.8311		58.1228
1809		49.8364		58.1224
1810		49.8418		58.1221
1811		49.8472		58.1217
1812		49.8525		58.1214
1813		49.8578		58.121
1814		49.863		58.1206
1815		49.8683		58.1203
1816		49.8736		58.1199
1817		49.8788		58.1195
1818		49.884		58.1192
1819		49.8891		58.1188
1820		49.8942		58.1185
1821		49.8993		58.1181
1822		49.9045		58.1177
1823		49.9096		58.1173
1824		49.9147		58.117
1825		49.9198		58.1167
1826		49.9249		58.1163
1827		49.9299		58.1159
1828		49.9349		58.1156
1829		49.9399		58.1153
1830		49.9448		58.1149
1831		49.9497		58.1146
1832		49.9546		58.1142
1833		49.9594		58.1139
1834		49.9643		58.1135
1835		49.9692		58.1131
1836		49.9741		58.1128
1837		49.9789		58.1124
1838		49.9837		58.112
1839		49.9884		58.1117
1840		49.9931		58.1114
1841		49.9978		58.111
1842		50.0025		58.1107
1843		50.007		58.1103
1844		50.0115		58.11
1845		50.0159		58.1096
1846		50.0203		58.1093
1847		50.0246		58.1089
1848		50.029		58.1086
1849		50.0333		58.1083
1850		50.0375		58.1079
1851		50.0417		58.1076
1852		50.0458		58.1072
1853		50.0498		58.1069
1854		50.0538		58.1066
1855		50.0577		58.1062
1856		50.0615		58.1059
1857		50.0653		58.1056
1858		50.0691		58.1053
1859		50.0727		58.1049
1860		50.0763		58.1046
1861		50.0799		58.1044
1862		50.0833		58.1041
1863		50.0867		58.1037
1864		50.0902		58.1034
1865		50.0935		58.1031
1866		50.0968		58.1027
1867		50.1001		58.1024
1868		50.1033		58.1021
1869		50.1065		58.1017
1870		50.1096		58.1014
1871		50.1126		58.1011
1872		50.1156		58.1008
1873		50.1185		58.1004
1874		50.1213		58.1002
1875		50.1241		58.0999
1876		50.1268		58.0995
1877		50.1294		58.0993
1878		50.1319		58.0989
1879		50.1343		58.0987
1880		50.1368		58.0983
1881		50.1393		58.098
1882		50.1417		58.0977
1883		50.1441		58.0974
1884		50.1463		58.0971
1885		50.1486		58.0968
1886		50.1507		58.0965
1887		50.1527		58.0962
1888		50.1547		58.0959
1889		50.1566		58.0956
1890		50.1584		58.0953
1891		50.1602		58.095
1892		50.162		58.0947
1893		50.1638		58.0944
1894		50.1654		58.0941
1895		50.167		58.0938
1896		50.1684		58.0935
1897		50.1698		58.0932
1898		50.1712		58.093
1899		50.1724		58.0927
1900		50.1735		58.0925
1901		50.1745		58.0922
1902		50.1754		58.0919
1903		50.1764		58.0915
1904		50.1772		58.0913
1905		50.1779		58.0909
1906		50.1785		58.0907
1907		50.179		58.0904
1908		50.1795		58.0901
1909		50.1799		58.0897
1910		50.1802		58.0895
1911		50.1804		58.0892
1912		50.1805		58.0889
1913		50.1805		58.0886
1914		50.1805		58.0883
1915		50.1804		58.088
1916		50.1801		58.0877
1917		50.1798		58.0874
1918		50.1794		58.0871
1919		50.1789		58.0869
1920		50.1783		58.0865
1921		50.1776		58.0862
1922		50.1768		58.086
1923		50.176		58.0857
1924		50.175		58.0854
1925		50.1739		58.0851
1926		50.1727		58.0848
1927		50.1714		58.0845
1928		50.17		58.0842
1929		50.1685		58.084
1930		50.167		58.0837
1931		50.1652		58.0834
1932		50.1635		58.0831
1933		50.1615		58.0829
1934		50.1596		58.0826
1935		50.1576		58.0823
1936		50.1554		58.082
1937		50.1532		58.0817
1938		50.1509		58.0814
1939		50.1484		58.0811
1940		50.1459		58.0809
1941		50.1433		58.0806
1942		50.1406		58.0804
1943		50.1377		58.0801
1944		50.1348		58.0798
1945		50.1318		58.0795
1946		50.1287		58.0792
1947		50.1255		58.079
1948		50.1221		58.0787
1949		50.1187		58.0784
1950		50.1152		58.0781
1951		50.1116		58.0778
1952		50.108		58.0775
1953		50.1041		58.0773
1954		50.1003		58.077
1955		50.0963		58.0767
1956		50.0923		58.0764
1957		50.0881		58.0762
1958		50.0838		58.0759
1959		50.0794		58.0756
1960		50.0749		58.0753
1961		50.0703		58.0751
1962		50.0656		58.0748
1963		50.0608		58.0745
1964		50.0558		58.0743
1965		50.0508		58.074
1966		50.0457		58.0738
1967		50.0404		58.0735
1968		50.0352		58.0732
1969		50.0296		58.0729
1970		50.024		58.0726
1971		50.0183		58.0724
1972		50.0124		58.0721
1973		50.0064		58.0719
1974		50.0003		58.0716
1975		49.9941		58.0713
1976		49.9877		58.0711
1977		49.9813		58.0709
1978		49.9749		58.0706
1979		49.9685		58.0704
1980		49.962		58.0701
1981		49.9553		58.0698
1982		49.9485		58.0695
1983		49.9416		58.0693
1984		49.9346		58.069
1985		49.9275		58.0687
1986		49.9203		58.0684
1987		49.9129		58.0681
1988		49.9053		58.0678
1989		49.8977		58.0676
1990		49.89		58.0674
1991		49.882		58.0671
1992		49.874		58.0669
1993		49.8658		58.0666
1994		49.8575		58.0663
1995		49.849		58.066
1996		49.8404		58.0659
1997		49.8317		58.0656
1998		49.8229		58.0654
1999		49.8138		58.0652
2000		49.8047		58.0649


Vector_of_weights_training

Lp. || value

1		7.21388
2		-15.3367
3		-16.642
4		1.59617
5		-9.52248
6		11.8322
7		1.11036
8		15.2956
9		1.78786
10		-13.1528
11		-5.57285
12		-2.14581
13		1.96989
14		-13.3401
15		4.52516
16		-11.4628
17		3.47485
18		-3.25811
19		-3.38067
20		-4.09059
21		-6.66614
22		8.89501
23		-0.269555
24		6.35339
25		-6.23507
26		6.20441
27		3.39183
28		4.20466
29		-15.6889
30		7.68383
31		0.577181
32		4.96849
33		0.728863
34		-11.4482
35		-1.84527
36		-0.116506
37		2.28195
38		-12.1858
39		-5.27562
40		-2.14014
41		0.26453
42		1.30752
43		0.563108
44		-0.521328
45		-0.912233
46		-1.83814
47		0.903038
48		0.39168
49		-2.05705
50		0.221725
51		-0.0105215
52		1.50583
53		1.11709
54		1.45916
55		-1.00375
56		-2.37964
57		0.00725905
58		0.188304
59		0.0160511
60		-0.0817266
61		0.130537
62		-0.456838
63		-0.0176036
64		0.140515
65		-2.61385
66		-0.0364818
67		0.502325
68		2.0798
69		1.3511
70		1.54976
71		-1.27484
72		-2.07975
73		-2.86157
74		-0.230249
75		1.21118
76		2.01513
77		1.95569
78		2.42619
79		-1.97464
80		-1.92504
81		0.526502
82		1.01224
83		0.308658
84		-0.507418
85		-1.07531
86		-0.608817
87		0.238843
88		0.132624
89		-0.084535
90		0.0614825
91		0.133438
92		0.0188081
93		0.0867543
94		-0.691543
95		0.0192245
96		-0.0536857
97		-0.997
98		-3.63819
99		-1.21907
100		1.17795
101		-0.559619
102		4.17987
103		-0.822585
104		-1.13561
105		-0.777746
106		-0.63928
107		0.0637085
108		1.05152
109		0.693343
110		0.304525
111		-0.538368
112		-0.359157
113		0.714997
114		3.37638
115		0.622093
116		0.168939
117		0.429545
118		-6.14203
119		1.04315
120		1.02911
121		0.585774
122		2.16077
123		1.07741
124		-0.537422
125		-0.0491309
126		-3.52673
127		0.926157
128		0.659221
129		1.62664
130		4.5101
131		0.657321
132		-2.6654
133		-2.00404
134		-2.87089
135		1.07929
136		1.24044
137		-1.20539
138		-4.37329
139		-0.885107
140		2.22399
141		0.578526
142		3.79475
143		-0.646059
144		-1.33453
145		1.08507
146		3.52701
147		1.04885
148		-2.03824
149		-1.47575
150		-2.38736
151		0.942461
152		1.05968
153		0.348651
154		-0.360069
155		-0.308397
156		-0.306074
157		-0.414436
158		-0.078407
159		-0.0639038
160		-0.328407
161		-0.621177
162		-1.3791
163		-0.365947
164		0.646851
165		0.255286
166		1.20877
167		-0.777084
168		-0.32375
169		0.081413
170		-0.304591
171		0.0165592
172		-0.377678
173		-0.523795
174		0.0215833
175		0.0266594
176		-0.424171
177		-0.0865564
178		0.597544
179		0.230894
180		0.502813
181		-0.463386
182		0.301714
183		0.00860197
184		-0.0515964


Vector_of_bias_weights_training

Lp. || value

1		5.46639
2		10.3735
3		-0.74409
4		-6.36504
5		1.03942
6		9.70348
7		1.6086
8		-9.25918
9		-5.68858
10		-10.7965
11		2.42915
12		0.481625
13		0.283395
14		1.9037
15		0.105861
16		1.94528
17		1.90642
18		-0.583573
19		-0.494304
20		-1.94267
21		0.858782
22		1.89182
23		0.926384
24		-0.237381
25		-0.392073
26		-0.673359
27		0.0702609
28		-0.157523
29		0.22552


Vector_of_weights_validation

Lp. || value

1		19.9012
2		-9.62698
3		-6.26991
4		3.19961
5		8.92055
6		-16.4895
7		-9.41922
8		13.4331
9		-9.57916
10		6.05122
11		-11.1873
12		-0.712108
13		5.10358
14		-3.24303
15		3.31057
16		-4.6661
17		-8.9963
18		4.94133
19		-9.88815
20		-0.35848
21		5.43127
22		-3.1373
23		3.8854
24		-4.20388
25		-9.14564
26		4.01882
27		-6.27648
28		0.638797
29		7.11916
30		-3.99558
31		4.96863
32		-3.12842
33		-5.56648
34		3.46046
35		-5.22118
36		1.5077
37		-8.75697
38		5.30334
39		-9.37794
40		-0.378375
41		-2.44702
42		1.59197
43		-2.03906
44		1.11625
45		-0.664349
46		0.846701
47		-0.220358
48		-1.60744
49		-1.5861
50		0.946812
51		-1.66774
52		1.18074
53		-1.83582
54		1.26424
55		-0.561813
56		-1.50324
57		0.479611
58		-0.098605
59		0.700675
60		-0.213018
61		0.591323
62		-0.612907
63		0.28449
64		0.0848973
65		-1.73981
66		0.709947
67		-1.59014
68		1.14543
69		-1.28088
70		1.72679
71		-0.943939
72		-1.17393
73		-0.999221
74		0.729895
75		-0.687718
76		1.17437
77		-1.9688
78		1.20771
79		-0.173641
80		-1.51868
81		0.22028
82		-0.746997
83		0.927377
84		-0.559668
85		0.925578
86		-0.656061
87		0.828626
88		0.12451
89		-1.88085
90		1.42062
91		-1.69807
92		0.890955
93		-1.17874
94		1.706
95		-0.355559
96		-1.8759
97		-1.88191
98		1.07028
99		-2.18578
100		1.34352
101		-0.831041
102		1.39554
103		-0.377669
104		-2.06406
105		-1.62442
106		0.866399
107		-0.984423
108		0.866017
109		-1.49535
110		1.87283
111		-0.900546
112		-1.07076
113		-0.715208
114		0.189552
115		-1.02316
116		-0.222309
117		-1.30931
118		0.886863
119		0.0417591
120		-1.10836
121		-1.01101
122		0.24713
123		-0.622869
124		0.59628
125		-1.36627
126		0.845516
127		-0.677995
128		-0.409316
129		0.273361
130		-1.38144
131		0.720414
132		-0.808304
133		1.2565
134		-0.927637
135		0.956922
136		0.480402
137		-0.691681
138		0.522974
139		-0.776543
140		0.165003
141		-1.49457
142		0.0587506
143		-0.487085
144		-1.09765
145		-2.31864
146		1.30547
147		-1.6959
148		1.25156
149		-1.3341
150		1.94157
151		-0.802484
152		-1.41694
153		-0.618041
154		-0.45599
155		-0.707894
156		-0.429292
157		-0.580057
158		0.0451218
159		-0.722952
160		-0.834056
161		-1.03856
162		0.794725
163		-0.967571
164		1.33712
165		-2.31958
166		2.16604
167		-1.33581
168		-1.36285
169		0.0698563
170		0.104673
171		-2.08682e-13
172		0.0945865
173		0.0207389
174		-0.0112885
175		0.115056
176		0.108106
177		0.0760151
178		-0.00350143
179		0.00372053
180		-0.0351794
181		-0.00285435
182		0.225392
183		-0.017932
184		0.143484


Vector_of_bias_weights_validation

Lp. || value

1		-7.47176
2		-7.12356
3		4.11424
4		-2.48695
5		4.48432
6		-2.10041
7		4.13533
8		-2.71733
9		3.98483
10		-3.86636
11		3.24284
12		4.20063
13		1.36441
14		1.15981
15		0.263566
16		0.823008
17		-0.00315926
18		-0.56326
19		0.926365
20		1.48311
21		0.453513
22		0.267387
23		0.0916048
24		-0.561138
25		0.470536
26		0.862567
27		-1.02984
28		0.49596
29		-0.782491
