MLP_2-6-5-1__1000_Epochs_2026_01_18_10_21_02.txt

MAPE_training(1000): 113.556
MAPE_validation(1000): 59.8975

Number of epochs || MAPE_value_training || MAPE_value_validation

1		122.939		60.6403
2		122.852		60.6791
3		122.84		60.673
4		122.828		60.6669
5		122.816		60.6608
6		122.803		60.6547
7		122.792		60.6486
8		122.78		60.6425
9		122.767		60.6364
10		122.755		60.6303
11		122.743		60.6242
12		122.731		60.618
13		122.719		60.6119
14		122.707		60.6058
15		122.695		60.5997
16		122.683		60.5935
17		122.671		60.5874
18		122.66		60.5813
19		122.648		60.5751
20		122.636		60.569
21		122.624		60.5628
22		122.612		60.5567
23		122.6		60.5505
24		122.588		60.5444
25		122.576		60.5382
26		122.564		60.532
27		122.552		60.5259
28		122.54		60.5197
29		122.529		60.5135
30		122.517		60.5074
31		122.505		60.5012
32		122.493		60.495
33		122.481		60.4889
34		122.469		60.4827
35		122.457		60.4765
36		122.446		60.4703
37		122.434		60.4641
38		122.422		60.4579
39		122.41		60.4517
40		122.398		60.4455
41		122.386		60.4393
42		122.375		60.4331
43		122.363		60.4268
44		122.351		60.4208
45		122.339		60.4147
46		122.328		60.4087
47		122.316		60.4027
48		122.304		60.3966
49		122.292		60.3906
50		122.281		60.3845
51		122.269		60.3785
52		122.257		60.3724
53		122.245		60.3663
54		122.234		60.3603
55		122.222		60.3542
56		122.21		60.3481
57		122.199		60.342
58		122.187		60.336
59		122.175		60.3299
60		122.164		60.3238
61		122.152		60.3177
62		122.14		60.3116
63		122.129		60.3055
64		122.117		60.2995
65		122.105		60.2936
66		122.094		60.2876
67		122.082		60.2817
68		122.071		60.2758
69		122.059		60.2698
70		122.048		60.2639
71		122.036		60.258
72		122.024		60.252
73		122.013		60.2461
74		122.001		60.2402
75		121.99		60.2342
76		121.978		60.2282
77		121.967		60.2223
78		121.955		60.2163
79		121.943		60.2104
80		121.932		60.2044
81		121.92		60.1984
82		121.909		60.1925
83		121.897		60.1865
84		121.886		60.1806
85		121.874		60.1747
86		121.863		60.1689
87		121.851		60.1631
88		121.84		60.1573
89		121.828		60.1515
90		121.817		60.1457
91		121.805		60.1398
92		121.794		60.134
93		121.782		60.1282
94		121.771		60.1224
95		121.759		60.1166
96		121.748		60.1107
97		121.736		60.1049
98		121.725		60.0991
99		121.713		60.0933
100		121.702		60.0874
101		121.69		60.0816
102		121.679		60.0758
103		121.667		60.0702
104		121.656		60.0646
105		121.645		60.0592
106		121.633		60.0537
107		121.622		60.0482
108		121.61		60.0427
109		121.599		60.0372
110		121.587		60.0317
111		121.576		60.0263
112		121.565		60.021
113		121.553		60.0156
114		121.542		60.0103
115		121.53		60.0049
116		121.519		59.9996
117		121.508		59.9943
118		121.496		59.9889
119		121.485		59.9836
120		121.474		59.9783
121		121.462		59.9732
122		121.451		59.968
123		121.44		59.9628
124		121.428		59.9576
125		121.417		59.9524
126		121.406		59.9472
127		121.395		59.9421
128		121.383		59.9369
129		121.372		59.9317
130		121.361		59.9264
131		121.35		59.9213
132		121.338		59.9161
133		121.327		59.9109
134		121.316		59.9057
135		121.305		59.9005
136		121.294		59.8953
137		121.282		59.89
138		121.271		59.8848
139		121.26		59.8796
140		121.249		59.8744
141		121.237		59.8692
142		121.226		59.864
143		121.215		59.8588
144		121.204		59.8536
145		121.193		59.8483
146		121.182		59.8431
147		121.171		59.8378
148		121.159		59.8326
149		121.148		59.8274
150		121.137		59.8222
151		121.126		59.8169
152		121.115		59.8117
153		121.104		59.8064
154		121.093		59.8011
155		121.082		59.7959
156		121.07		59.7906
157		121.059		59.7854
158		121.048		59.7801
159		121.037		59.7749
160		121.026		59.7696
161		121.015		59.7643
162		121.004		59.7591
163		120.993		59.7538
164		120.982		59.7486
165		120.97		59.7433
166		120.96		59.738
167		120.948		59.7327
168		120.937		59.7275
169		120.926		59.7221
170		120.915		59.7169
171		120.904		59.7116
172		120.893		59.7063
173		120.882		59.701
174		120.871		59.6957
175		120.86		59.6904
176		120.849		59.6851
177		120.838		59.6798
178		120.827		59.6745
179		120.816		59.6692
180		120.805		59.6639
181		120.794		59.6586
182		120.783		59.6533
183		120.772		59.648
184		120.761		59.6427
185		120.75		59.6374
186		120.739		59.632
187		120.728		59.6267
188		120.717		59.6214
189		120.706		59.6161
190		120.695		59.6107
191		120.684		59.6054
192		120.673		59.6001
193		120.662		59.5948
194		120.651		59.5894
195		120.641		59.5841
196		120.63		59.5787
197		120.619		59.5734
198		120.608		59.568
199		120.597		59.5628
200		120.586		59.5576
201		120.575		59.5524
202		120.564		59.5475
203		120.554		59.5424
204		120.543		59.5376
205		120.532		59.5328
206		120.521		59.528
207		120.51		59.5232
208		120.499		59.5185
209		120.488		59.5139
210		120.478		59.5092
211		120.467		59.5046
212		120.456		59.4999
213		120.445		59.4952
214		120.435		59.4906
215		120.424		59.4859
216		120.413		59.4813
217		120.402		59.4766
218		120.391		59.4719
219		120.381		59.4672
220		120.37		59.4625
221		120.359		59.4579
222		120.349		59.4532
223		120.338		59.4485
224		120.327		59.4438
225		120.316		59.4392
226		120.306		59.4344
227		120.295		59.4297
228		120.284		59.425
229		120.274		59.4203
230		120.263		59.4156
231		120.252		59.411
232		120.242		59.4063
233		120.231		59.4016
234		120.22		59.3968
235		120.209		59.3921
236		120.199		59.3874
237		120.188		59.3827
238		120.178		59.378
239		120.167		59.3733
240		120.156		59.3686
241		120.146		59.3639
242		120.135		59.3591
243		120.124		59.3544
244		120.114		59.3497
245		120.103		59.345
246		120.093		59.3403
247		120.082		59.3355
248		120.072		59.3308
249		120.061		59.326
250		120.05		59.3214
251		120.04		59.317
252		120.029		59.3126
253		120.019		59.3082
254		120.008		59.3039
255		119.998		59.2995
256		119.987		59.2951
257		119.977		59.2907
258		119.966		59.2863
259		119.956		59.2819
260		119.945		59.2775
261		119.935		59.2731
262		119.924		59.2687
263		119.914		59.2643
264		119.903		59.2601
265		119.893		59.2559
266		119.882		59.2517
267		119.872		59.2474
268		119.861		59.2432
269		119.851		59.239
270		119.84		59.2347
271		119.83		59.2305
272		119.82		59.2262
273		119.809		59.222
274		119.799		59.2177
275		119.788		59.2135
276		119.778		59.2092
277		119.768		59.205
278		119.757		59.2008
279		119.747		59.1965
280		119.737		59.1922
281		119.726		59.188
282		119.716		59.1837
283		119.706		59.1794
284		119.695		59.1752
285		119.685		59.171
286		119.675		59.1667
287		119.664		59.1624
288		119.654		59.1581
289		119.644		59.1539
290		119.633		59.1496
291		119.623		59.1453
292		119.613		59.1411
293		119.603		59.137
294		119.592		59.1329
295		119.582		59.1288
296		119.572		59.1246
297		119.562		59.1205
298		119.551		59.1165
299		119.541		59.1123
300		119.531		59.1082
301		119.521		59.1041
302		119.511		59.1
303		119.5		59.0959
304		119.49		59.0918
305		119.48		59.0876
306		119.47		59.0835
307		119.459		59.0794
308		119.449		59.0753
309		119.439		59.0711
310		119.429		59.067
311		119.419		59.0629
312		119.409		59.0588
313		119.398		59.0546
314		119.388		59.0505
315		119.378		59.0464
316		119.368		59.0422
317		119.358		59.0381
318		119.348		59.034
319		119.338		59.0298
320		119.327		59.0257
321		119.317		59.0215
322		119.307		59.0174
323		119.297		59.0133
324		119.287		59.0091
325		119.277		59.005
326		119.267		59.0008
327		119.257		58.9967
328		119.247		58.9925
329		119.237		58.9884
330		119.227		58.9842
331		119.216		58.9801
332		119.206		58.9762
333		119.196		58.9722
334		119.186		58.9682
335		119.176		58.9642
336		119.166		58.9602
337		119.156		58.9563
338		119.146		58.9526
339		119.136		58.9488
340		119.126		58.9449
341		119.116		58.9411
342		119.106		58.9373
343		119.096		58.9336
344		119.086		58.93
345		119.076		58.9263
346		119.066		58.9227
347		119.056		58.919
348		119.046		58.9154
349		119.036		58.9117
350		119.026		58.9081
351		119.016		58.9044
352		119.006		58.9008
353		118.996		58.8972
354		118.986		58.8937
355		118.976		58.8903
356		118.967		58.887
357		118.957		58.8837
358		118.947		58.8804
359		118.937		58.877
360		118.927		58.8738
361		118.917		58.8705
362		118.907		58.8674
363		118.897		58.8642
364		118.887		58.8611
365		118.877		58.858
366		118.867		58.8548
367		118.858		58.8517
368		118.848		58.8485
369		118.838		58.8454
370		118.828		58.8422
371		118.818		58.8391
372		118.808		58.836
373		118.799		58.833
374		118.789		58.8301
375		118.779		58.827
376		118.769		58.8241
377		118.759		58.8211
378		118.749		58.8182
379		118.74		58.8151
380		118.73		58.8122
381		118.72		58.8092
382		118.71		58.8062
383		118.701		58.8033
384		118.691		58.8005
385		118.681		58.7978
386		118.671		58.795
387		118.661		58.7921
388		118.652		58.7893
389		118.642		58.7865
390		118.632		58.7837
391		118.622		58.781
392		118.613		58.7783
393		118.603		58.7757
394		118.593		58.7733
395		118.583		58.7708
396		118.574		58.7684
397		118.564		58.7659
398		118.554		58.7635
399		118.545		58.7612
400		118.535		58.7589
401		118.525		58.7566
402		118.515		58.7543
403		118.506		58.752
404		118.496		58.7497
405		118.486		58.7475
406		118.477		58.7451
407		118.467		58.7428
408		118.458		58.7405
409		118.448		58.7383
410		118.438		58.7361
411		118.429		58.734
412		118.419		58.7319
413		118.409		58.7297
414		118.4		58.7276
415		118.39		58.7255
416		118.38		58.7234
417		118.371		58.7212
418		118.361		58.7191
419		118.352		58.7169
420		118.342		58.7148
421		118.332		58.7127
422		118.323		58.7107
423		118.313		58.7088
424		118.304		58.7068
425		118.294		58.7048
426		118.284		58.7029
427		118.275		58.7009
428		118.265		58.6989
429		118.256		58.697
430		118.246		58.695
431		118.237		58.6931
432		118.227		58.6911
433		118.218		58.6891
434		118.208		58.6872
435		118.199		58.6852
436		118.189		58.6832
437		118.18		58.6813
438		118.171		58.6793
439		118.161		58.6774
440		118.152		58.6754
441		118.142		58.6736
442		118.133		58.6719
443		118.123		58.6703
444		118.114		58.6687
445		118.104		58.6671
446		118.095		58.6654
447		118.086		58.6638
448		118.076		58.6622
449		118.067		58.6606
450		118.057		58.6589
451		118.048		58.6573
452		118.039		58.6557
453		118.029		58.6541
454		118.02		58.6524
455		118.011		58.6508
456		118.001		58.6492
457		117.992		58.6475
458		117.983		58.646
459		117.973		58.6443
460		117.964		58.6427
461		117.955		58.641
462		117.945		58.6394
463		117.936		58.638
464		117.927		58.6365
465		117.917		58.635
466		117.908		58.6336
467		117.899		58.6322
468		117.889		58.6307
469		117.88		58.6292
470		117.871		58.6277
471		117.862		58.6264
472		117.852		58.625
473		117.843		58.6237
474		117.834		58.6225
475		117.824		58.6212
476		117.815		58.6199
477		117.806		58.6186
478		117.796		58.6173
479		117.787		58.616
480		117.778		58.6147
481		117.769		58.6135
482		117.759		58.6122
483		117.75		58.6109
484		117.741		58.6096
485		117.732		58.6082
486		117.722		58.607
487		117.713		58.6057
488		117.704		58.6044
489		117.695		58.6031
490		117.685		58.6018
491		117.676		58.6006
492		117.667		58.5995
493		117.658		58.5986
494		117.648		58.5976
495		117.639		58.5967
496		117.63		58.5958
497		117.621		58.5948
498		117.612		58.594
499		117.602		58.5933
500		117.593		58.5925
501		117.584		58.5917
502		117.575		58.5909
503		117.566		58.5901
504		117.556		58.5894
505		117.547		58.5886
506		117.538		58.5878
507		117.529		58.587
508		117.52		58.5863
509		117.51		58.5854
510		117.501		58.5847
511		117.492		58.5839
512		117.483		58.5831
513		117.474		58.5823
514		117.465		58.5816
515		117.455		58.5807
516		117.446		58.5801
517		117.437		58.5795
518		117.428		58.5789
519		117.419		58.5785
520		117.41		58.5781
521		117.401		58.5776
522		117.392		58.5772
523		117.382		58.5768
524		117.373		58.5763
525		117.364		58.5758
526		117.355		58.5754
527		117.346		58.575
528		117.337		58.5745
529		117.328		58.5741
530		117.319		58.5737
531		117.31		58.5732
532		117.301		58.5728
533		117.292		58.5723
534		117.282		58.5719
535		117.273		58.5714
536		117.264		58.571
537		117.255		58.5705
538		117.246		58.5701
539		117.237		58.5697
540		117.228		58.5692
541		117.219		58.5688
542		117.21		58.5683
543		117.201		58.5679
544		117.192		58.5674
545		117.183		58.567
546		117.174		58.5666
547		117.165		58.5664
548		117.156		58.566
549		117.147		58.5658
550		117.138		58.5655
551		117.129		58.5653
552		117.12		58.565
553		117.111		58.5647
554		117.102		58.5644
555		117.094		58.5641
556		117.085		58.5639
557		117.076		58.5636
558		117.067		58.5634
559		117.058		58.5631
560		117.049		58.5632
561		117.04		58.5633
562		117.031		58.5633
563		117.022		58.5634
564		117.013		58.5634
565		117.004		58.5635
566		116.995		58.5636
567		116.986		58.5639
568		116.978		58.5641
569		116.969		58.5644
570		116.96		58.5646
571		116.951		58.5648
572		116.942		58.5651
573		116.933		58.5653
574		116.924		58.5655
575		116.915		58.5658
576		116.906		58.5662
577		116.898		58.5666
578		116.889		58.567
579		116.88		58.5675
580		116.871		58.5681
581		116.862		58.5689
582		116.853		58.5698
583		116.845		58.5707
584		116.836		58.5717
585		116.827		58.5726
586		116.818		58.5735
587		116.809		58.5744
588		116.8		58.5753
589		116.792		58.5762
590		116.783		58.5772
591		116.774		58.5783
592		116.765		58.5794
593		116.756		58.5805
594		116.748		58.5815
595		116.739		58.5826
596		116.73		58.5837
597		116.721		58.5848
598		116.713		58.5859
599		116.704		58.5869
600		116.695		58.588
601		116.686		58.5891
602		116.678		58.5902
603		116.669		58.5913
604		116.66		58.5924
605		116.651		58.5934
606		116.643		58.5945
607		116.634		58.5956
608		116.625		58.5967
609		116.617		58.5978
610		116.608		58.5988
611		116.599		58.5999
612		116.591		58.6011
613		116.582		58.6021
614		116.573		58.6032
615		116.565		58.6043
616		116.556		58.6054
617		116.547		58.6065
618		116.539		58.6078
619		116.53		58.6091
620		116.521		58.6103
621		116.513		58.6116
622		116.504		58.6128
623		116.496		58.6141
624		116.487		58.6153
625		116.478		58.6166
626		116.47		58.6178
627		116.461		58.6191
628		116.452		58.6203
629		116.444		58.6216
630		116.435		58.6229
631		116.427		58.6241
632		116.418		58.6254
633		116.409		58.6266
634		116.401		58.6279
635		116.392		58.6291
636		116.384		58.6303
637		116.375		58.6316
638		116.367		58.6329
639		116.358		58.6341
640		116.35		58.6354
641		116.341		58.6367
642		116.333		58.638
643		116.324		58.6392
644		116.316		58.6404
645		116.307		58.6417
646		116.299		58.6429
647		116.29		58.6442
648		116.282		58.6455
649		116.273		58.6469
650		116.265		58.6484
651		116.256		58.65
652		116.248		58.6516
653		116.239		58.6532
654		116.231		58.6548
655		116.222		58.6564
656		116.214		58.658
657		116.205		58.6596
658		116.197		58.6612
659		116.189		58.6628
660		116.18		58.6644
661		116.172		58.6659
662		116.163		58.6675
663		116.155		58.6691
664		116.146		58.6707
665		116.138		58.6723
666		116.13		58.674
667		116.121		58.6757
668		116.113		58.6775
669		116.104		58.6793
670		116.096		58.681
671		116.087		58.6828
672		116.079		58.6846
673		116.071		58.6863
674		116.062		58.6881
675		116.054		58.6898
676		116.045		58.6916
677		116.037		58.6933
678		116.029		58.6951
679		116.02		58.6969
680		116.012		58.6987
681		116.004		58.7004
682		115.995		58.7022
683		115.987		58.7041
684		115.979		58.7061
685		115.97		58.7081
686		115.962		58.7102
687		115.954		58.7123
688		115.945		58.7144
689		115.937		58.7165
690		115.929		58.7186
691		115.92		58.7207
692		115.912		58.7228
693		115.904		58.7248
694		115.896		58.727
695		115.887		58.7291
696		115.879		58.7312
697		115.871		58.7333
698		115.862		58.7353
699		115.854		58.7374
700		115.846		58.7395
701		115.838		58.7416
702		115.829		58.7437
703		115.821		58.7458
704		115.813		58.7479
705		115.805		58.75
706		115.796		58.7521
707		115.788		58.7542
708		115.78		58.7563
709		115.772		58.7584
710		115.764		58.7605
711		115.756		58.7626
712		115.747		58.7647
713		115.739		58.7668
714		115.731		58.7688
715		115.723		58.771
716		115.715		58.7731
717		115.707		58.7751
718		115.698		58.7773
719		115.69		58.7794
720		115.682		58.7815
721		115.674		58.7836
722		115.666		58.7857
723		115.658		58.7877
724		115.65		58.7899
725		115.642		58.792
726		115.634		58.7941
727		115.626		58.7962
728		115.618		58.7983
729		115.609		58.8004
730		115.601		58.8026
731		115.593		58.8048
732		115.585		58.8071
733		115.577		58.8094
734		115.569		58.8117
735		115.561		58.8139
736		115.553		58.8162
737		115.545		58.8185
738		115.537		58.8207
739		115.529		58.823
740		115.521		58.8256
741		115.512		58.8282
742		115.504		58.8308
743		115.496		58.8334
744		115.488		58.8359
745		115.48		58.8385
746		115.472		58.8413
747		115.464		58.844
748		115.456		58.8468
749		115.448		58.8495
750		115.44		58.8523
751		115.432		58.8551
752		115.424		58.8578
753		115.416		58.8605
754		115.408		58.8633
755		115.4		58.8661
756		115.392		58.8688
757		115.384		58.8716
758		115.376		58.8743
759		115.368		58.8771
760		115.36		58.88
761		115.352		58.8829
762		115.344		58.8858
763		115.336		58.8887
764		115.328		58.8916
765		115.32		58.8946
766		115.312		58.8975
767		115.304		58.9004
768		115.296		58.9033
769		115.288		58.9062
770		115.28		58.9092
771		115.272		58.9121
772		115.264		58.915
773		115.256		58.9179
774		115.248		58.9208
775		115.24		58.9238
776		115.232		58.9267
777		115.225		58.9296
778		115.217		58.9325
779		115.209		58.9354
780		115.201		58.9384
781		115.193		58.9415
782		115.185		58.9446
783		115.177		58.9476
784		115.169		58.9508
785		115.161		58.9538
786		115.153		58.9569
787		115.145		58.96
788		115.138		58.963
789		115.13		58.9661
790		115.122		58.9693
791		115.114		58.9726
792		115.106		58.9758
793		115.098		58.9791
794		115.09		58.9823
795		115.083		58.9856
796		115.075		58.9888
797		115.067		58.992
798		115.059		58.9953
799		115.051		58.9985
800		115.043		59.0018
801		115.036		59.005
802		115.028		59.0083
803		115.02		59.0115
804		115.012		59.0147
805		115.005		59.018
806		114.997		59.0212
807		114.989		59.0245
808		114.981		59.0277
809		114.973		59.0311
810		114.966		59.0345
811		114.958		59.0379
812		114.95		59.0413
813		114.942		59.0447
814		114.935		59.048
815		114.927		59.0515
816		114.919		59.0549
817		114.911		59.0583
818		114.904		59.0617
819		114.896		59.0651
820		114.888		59.0685
821		114.88		59.0719
822		114.873		59.0753
823		114.865		59.0787
824		114.857		59.0821
825		114.85		59.0855
826		114.842		59.0889
827		114.834		59.0923
828		114.826		59.0957
829		114.819		59.0992
830		114.811		59.1026
831		114.803		59.106
832		114.796		59.1094
833		114.788		59.1128
834		114.78		59.1162
835		114.773		59.1196
836		114.765		59.123
837		114.757		59.1264
838		114.75		59.1298
839		114.742		59.1332
840		114.734		59.1366
841		114.727		59.1401
842		114.719		59.1435
843		114.711		59.1469
844		114.704		59.1505
845		114.696		59.154
846		114.688		59.1576
847		114.681		59.1612
848		114.673		59.1648
849		114.665		59.1685
850		114.658		59.1724
851		114.65		59.1762
852		114.642		59.1801
853		114.635		59.184
854		114.627		59.1879
855		114.619		59.1917
856		114.612		59.1956
857		114.604		59.1995
858		114.597		59.2033
859		114.589		59.2072
860		114.581		59.2111
861		114.574		59.2149
862		114.566		59.2189
863		114.559		59.2227
864		114.551		59.2266
865		114.543		59.2305
866		114.536		59.2344
867		114.528		59.2382
868		114.52		59.2421
869		114.513		59.246
870		114.505		59.2499
871		114.498		59.2537
872		114.49		59.2576
873		114.483		59.2615
874		114.475		59.2655
875		114.467		59.2696
876		114.46		59.2736
877		114.452		59.2777
878		114.445		59.2819
879		114.437		59.286
880		114.43		59.2902
881		114.422		59.2944
882		114.414		59.2986
883		114.407		59.3028
884		114.399		59.3072
885		114.392		59.3115
886		114.384		59.3159
887		114.377		59.3202
888		114.369		59.3245
889		114.362		59.3289
890		114.354		59.3333
891		114.347		59.3378
892		114.339		59.3424
893		114.332		59.3468
894		114.324		59.3513
895		114.317		59.3558
896		114.31		59.3603
897		114.302		59.3648
898		114.295		59.3692
899		114.287		59.3738
900		114.28		59.3783
901		114.272		59.383
902		114.265		59.3876
903		114.257		59.3922
904		114.25		59.3971
905		114.243		59.402
906		114.235		59.407
907		114.228		59.4119
908		114.22		59.4169
909		114.213		59.4218
910		114.205		59.4268
911		114.198		59.4317
912		114.191		59.4366
913		114.183		59.4416
914		114.176		59.4466
915		114.168		59.4515
916		114.161		59.4564
917		114.154		59.4614
918		114.146		59.4663
919		114.139		59.4713
920		114.132		59.4762
921		114.124		59.4812
922		114.117		59.4861
923		114.11		59.4911
924		114.102		59.496
925		114.095		59.5009
926		114.088		59.5059
927		114.08		59.5108
928		114.073		59.5158
929		114.066		59.5207
930		114.058		59.5257
931		114.051		59.5306
932		114.044		59.5355
933		114.036		59.5405
934		114.029		59.5455
935		114.022		59.5504
936		114.015		59.5553
937		114.007		59.5603
938		114		59.5652
939		113.993		59.5701
940		113.985		59.5751
941		113.978		59.5801
942		113.971		59.5851
943		113.964		59.5902
944		113.956		59.5953
945		113.949		59.6004
946		113.942		59.6055
947		113.935		59.6106
948		113.927		59.6157
949		113.92		59.6208
950		113.913		59.6259
951		113.906		59.6309
952		113.898		59.636
953		113.891		59.6411
954		113.884		59.6462
955		113.877		59.6513
956		113.87		59.6564
957		113.862		59.6615
958		113.855		59.6666
959		113.848		59.6717
960		113.841		59.6768
961		113.834		59.6819
962		113.827		59.6869
963		113.819		59.692
964		113.812		59.6971
965		113.805		59.7022
966		113.798		59.7073
967		113.791		59.7124
968		113.783		59.7176
969		113.776		59.7228
970		113.769		59.7281
971		113.762		59.7333
972		113.755		59.7386
973		113.748		59.7438
974		113.74		59.749
975		113.733		59.7543
976		113.726		59.7596
977		113.719		59.765
978		113.712		59.7704
979		113.705		59.7758
980		113.698		59.7813
981		113.691		59.7869
982		113.683		59.7927
983		113.676		59.7985
984		113.669		59.8044
985		113.662		59.8102
986		113.655		59.816
987		113.648		59.8219
988		113.641		59.8276
989		113.633		59.8335
990		113.626		59.8393
991		113.619		59.8451
992		113.612		59.8509
993		113.605		59.8568
994		113.598		59.8626
995		113.591		59.8684
996		113.584		59.8742
997		113.577		59.88
998		113.57		59.8859
999		113.563		59.8917
1000		113.556		59.8975


Vector_of_weights_training

Lp. || value

1		0.412434
2		-0.0502393
3		0.151087
4		0.450977
5		-0.425995
6		-0.376003
7		-0.371617
8		0.437202
9		-0.113226
10		-0.411434
11		0.464135
12		0.471235
13		-0.153454
14		0.469978
15		0.401316
16		-0.387249
17		0.471071
18		0.0681669
19		-0.16048
20		0.446908
21		-0.452974
22		-0.303736
23		0.382569
24		-0.415146
25		-0.28643
26		-0.138437
27		-0.100341
28		-0.0593751
29		0.242162
30		-0.35277
31		-0.0626859
32		-0.325941
33		-0.339684
34		-0.138839
35		-0.216166
36		0.0971612
37		-0.0973971
38		-0.446796
39		-0.496874
40		-0.501293
41		-0.497095
42		0.339756
43		0.056997
44		-0.0043851
45		-0.220753
46		-0.111044
47		-0.178441


Vector_of_bias_weights_training

Lp. || value

1		-0.377299
2		-0.0892026
3		0.23685
4		0.431188
5		0.220239
6		0.155328
7		0.166679
8		-0.471986
9		0.224807
10		0.471626
11		0.244246
12		-0.23275


Vector_of_weights_validation

Lp. || value

1		-0.0352887
2		0.288476
3		0.111837
4		0.462068
5		-0.130207
6		0.0196542
7		0.163111
8		-0.163267
9		-0.174636
10		-0.360478
11		-0.414511
12		-0.38584
13		-0.357015
14		0.163752
15		0.318855
16		-0.173627
17		-0.124106
18		-0.140172
19		-0.545316
20		-0.549135
21		0.19096
22		-0.0760562
23		-0.0512002
24		0.231893
25		0.177095
26		-0.431855
27		0.0209239
28		-0.430595
29		0.282685
30		0.104202
31		0.461962
32		0.30551
33		-0.288503
34		0.270235
35		0.212428
36		0.391812
37		-0.0363667
38		-0.0061762
39		-0.360081
40		-0.141625
41		0.158574
42		0.214932
43		0.234263
44		0.35079
45		0.418564
46		0.113243
47		0.404822


Vector_of_bias_weights_validation

Lp. || value

1		0.178916
2		-0.174833
3		-0.423046
4		0.458514
5		-0.0855274
6		0.147802
7		-0.364509
8		0.252949
9		0.133238
10		-0.506831
11		-0.287748
12		-0.374399
