MLP_2-3-2__100_Epochs_2024_11_12_00_13_43.txt

MAPE_training(100): 66.2421
MAPE_validation(100): 95.2764

Number of epochs || MAPE_value_training || MAPE_value_validation

1		152.909		94.1946
2		136.954		100.353
3		130.316		103.581
4		127.914		105.326
5		127.072		106.27
6		126.776		106.786
7		126.671		107.066
8		126.631		107.216
9		126.614		107.296
10		126.605		107.338
11		126.599		107.358
12		126.594		107.366
13		126.589		107.368
14		126.585		107.366
15		126.58		107.363
16		126.576		107.358
17		126.571		107.352
18		126.567		107.346
19		126.563		107.339
20		126.559		107.332
21		126.555		107.324
22		126.55		107.316
23		126.546		107.308
24		126.541		107.299
25		126.537		107.29
26		126.532		107.281
27		126.527		107.271
28		126.522		107.26
29		126.517		107.249
30		126.511		107.237
31		126.505		107.225
32		126.499		107.212
33		126.492		107.199
34		126.485		107.185
35		126.478		107.17
36		126.469		107.154
37		126.459		107.138
38		126.449		107.121
39		126.437		107.103
40		126.423		107.084
41		126.408		107.064
42		126.39		107.043
43		126.371		107.021
44		126.348		106.998
45		126.322		106.974
46		126.293		106.949
47		126.26		106.922
48		126.222		106.894
49		126.181		106.864
50		126.134		106.832
51		126.083		106.799
52		126.026		106.764
53		125.963		106.727
54		125.893		106.688
55		125.816		106.646
56		125.731		106.602
57		125.636		106.556
58		125.53		106.506
59		125.411		106.454
60		125.276		106.397
61		125.123		106.338
62		124.946		106.274
63		124.742		106.206
64		124.503		106.134
65		124.219		106.056
66		123.88		105.973
67		123.469		105.885
68		122.964		105.79
69		122.338		105.688
70		121.553		105.579
71		120.567		105.462
72		119.33		105.336
73		117.794		105.201
74		115.928		105.057
75		113.719		104.903
76		111.201		104.737
77		108.456		104.559
78		105.551		104.368
79		102.569		104.164
80		99.5795		103.945
81		96.6604		103.712
82		93.8336		103.461
83		91.1269		103.194
84		88.5825		102.909
85		86.1845		102.606
86		83.9619		102.284
87		81.9062		101.94
88		79.996		101.575
89		78.2295		101.188
90		76.6059		100.778
91		75.1187		100.343
92		73.7514		99.8828
93		72.4948		99.4
94		71.342		98.8922
95		70.2908		98.3576
96		69.3378		97.7956
97		68.4627		97.2062
98		67.6607		96.5908
99		66.9185		95.9476
100		66.2421		95.2764


Vector_of_weights_training

Lp. || value

1		5.36951
2		-6.33289
3		-10.076
4		11.9329
5		10.6209
6		-12.3458
7		-1.48382
8		2.3925
9		-2.12235
10		-1.06317
11		4.90509
12		-5.78317
13		-1.91349
14		-7.72373


Vector_of_bias_weights_training

Lp. || value

1		0.056038
2		-2.60969
3		2.09317
4		-0.157461
5		-0.25688
6		0.462532


Vector_of_weights_validation

Lp. || value

1		0.0518272
2		-0.543828
3		0.283128
4		-0.641844
5		3.5799
6		-4.01548
7		-0.0109857
8		-0.0548597
9		-1.97509
10		-0.0507353
11		-0.208895
12		-2.05105
13		-0.994292
14		-1.13587


Vector_of_bias_weights_validation

Lp. || value

1		0.272261
2		-0.159236
3		-0.0722479
4		0.172393
5		0.250303
6		0.0868937
