MLP_2-3-2__100_Epochs_2024_11_12_00_06_42.txt

MAPE_training(100): 138.981
MAPE_validation(100): 99.0014

Number of epochs || MAPE_value_training || MAPE_value_validation

1		168.949		134.857
2		152.239		123.678
3		145.027		115.794
4		142.419		110.702
5		141.51		107.495
6		141.195		105.502
7		141.085		104.275
8		141.044		103.52
9		141.027		103.054
10		141.018		102.766
11		141.012		102.588
12		141.007		102.478
13		141.002		102.41
14		140.997		102.367
15		140.992		102.341
16		140.987		102.324
17		140.982		102.314
18		140.977		102.307
19		140.973		102.302
20		140.968		102.299
21		140.963		102.297
22		140.958		102.295
23		140.953		102.293
24		140.948		102.292
25		140.943		102.291
26		140.938		102.29
27		140.933		102.288
28		140.927		102.287
29		140.922		102.286
30		140.917		102.284
31		140.911		102.283
32		140.906		102.281
33		140.9		102.279
34		140.894		102.278
35		140.888		102.276
36		140.882		102.274
37		140.876		102.272
38		140.87		102.269
39		140.863		102.267
40		140.857		102.265
41		140.85		102.262
42		140.843		102.259
43		140.836		102.256
44		140.829		102.253
45		140.821		102.25
46		140.814		102.246
47		140.806		102.243
48		140.797		102.239
49		140.789		102.235
50		140.78		102.23
51		140.771		102.225
52		140.762		102.22
53		140.752		102.215
54		140.742		102.209
55		140.731		102.203
56		140.72		102.196
57		140.709		102.189
58		140.697		102.181
59		140.685		102.173
60		140.672		102.164
61		140.659		102.154
62		140.645		102.144
63		140.631		102.133
64		140.616		102.122
65		140.6		102.109
66		140.584		102.095
67		140.567		102.081
68		140.549		102.065
69		140.53		102.048
70		140.51		102.029
71		140.489		102.009
72		140.468		101.988
73		140.445		101.964
74		140.421		101.939
75		140.396		101.912
76		140.37		101.882
77		140.342		101.849
78		140.313		101.814
79		140.282		101.775
80		140.25		101.733
81		140.215		101.687
82		140.179		101.636
83		140.141		101.581
84		140.101		101.52
85		140.058		101.453
86		140.013		101.379
87		139.965		101.298
88		139.915		101.208
89		139.861		101.11
90		139.804		101.001
91		139.744		100.88
92		139.679		100.746
93		139.611		100.598
94		139.538		100.433
95		139.46		100.251
96		139.377		100.049
97		139.287		99.8253
98		139.192		99.5776
99		139.09		99.3041
100		138.981		99.0014


Vector_of_weights_training

Lp. || value

1		-0.768704
2		0.708587
3		-1.30999
4		0.992735
5		-2.16058
6		1.68425
7		0.0327563
8		0.528559
9		0.743721
10		0.335015
11		0.266828
12		0.771345
13		-0.480533
14		-0.52359


Vector_of_bias_weights_training

Lp. || value

1		-0.245466
2		-0.0854591
3		-0.220018
4		0.0258181
5		-0.591553
6		0.126906


Vector_of_weights_validation

Lp. || value

1		-1.72204
2		1.89835
3		-0.12528
4		0.791469
5		2.11307
6		-2.92754
7		-1.06467
8		-0.280117
9		0.892831
10		0.739496
11		0.11534
12		-1.75043
13		0.620917
14		-1.05785


Vector_of_bias_weights_validation

Lp. || value

1		-0.518609
2		-0.17601
3		-0.0257404
4		-0.336782
5		0.0711642
6		-0.534633
