MLP_2-2-1-1__100_Epochs_2026_02_04_17_12_45.txt

MAPE_training(100): 1.97365
MAPE_validation(100): 3.38487

*Max_training_value[0]: 8
*Min_training_value[0]: 2

*Max_training_value[1]: 98
*Min_training_value[1]: 86

*Max_training_value[2]: 100
*Min_training_value[2]: 94


*Max_validation_value[0]: 10
*Min_validation_value[0]: 1

*Max_validation_value[1]: 100
*Min_validation_value[1]: 82

*Max_validation_value[2]: 101
*Min_validation_value[2]: 92


Number of epochs || MAPE_value_training || MAPE_value_validation

[1]		2.1015		3.01011
[2]		1.97343		3.38385
[3]		1.97328		3.38428
[4]		1.97328		3.38428
[5]		1.97328		3.38428
[6]		1.97328		3.38428
[7]		1.97328		3.38428
[8]		1.97328		3.38428
[9]		1.97328		3.38428
[10]		1.97328		3.38428
[11]		1.97328		3.38428
[12]		1.97328		3.38428
[13]		1.97328		3.38429
[14]		1.97329		3.38428
[15]		1.97329		3.38429
[16]		1.97329		3.38429
[17]		1.97329		3.38429
[18]		1.97329		3.38429
[19]		1.97329		3.38429
[20]		1.97329		3.38429
[21]		1.97329		3.3843
[22]		1.9733		3.3843
[23]		1.97329		3.3843
[24]		1.97329		3.38431
[25]		1.9733		3.38431
[26]		1.9733		3.38431
[27]		1.9733		3.38431
[28]		1.9733		3.38431
[29]		1.97331		3.38432
[30]		1.97331		3.38432
[31]		1.97331		3.38432
[32]		1.97331		3.38432
[33]		1.97331		3.38433
[34]		1.97331		3.38433
[35]		1.97332		3.38434
[36]		1.97332		3.38434
[37]		1.97332		3.38434
[38]		1.97332		3.38435
[39]		1.97332		3.38435
[40]		1.97333		3.38435
[41]		1.97333		3.38436
[42]		1.97333		3.38436
[43]		1.97333		3.38437
[44]		1.97334		3.38437
[45]		1.97334		3.38438
[46]		1.97334		3.38438
[47]		1.97335		3.38439
[48]		1.97335		3.38439
[49]		1.97335		3.3844
[50]		1.97336		3.3844
[51]		1.97336		3.38441
[52]		1.97336		3.38441
[53]		1.97337		3.38442
[54]		1.97337		3.38442
[55]		1.97337		3.38443
[56]		1.97338		3.38444
[57]		1.97338		3.38444
[58]		1.97339		3.38445
[59]		1.97339		3.38446
[60]		1.97339		3.38446
[61]		1.9734		3.38447
[62]		1.9734		3.38448
[63]		1.97341		3.38448
[64]		1.97341		3.38449
[65]		1.97342		3.3845
[66]		1.97342		3.3845
[67]		1.97343		3.38451
[68]		1.97343		3.38452
[69]		1.97344		3.38453
[70]		1.97344		3.38454
[71]		1.97345		3.38454
[72]		1.97345		3.38455
[73]		1.97346		3.38456
[74]		1.97346		3.38457
[75]		1.97347		3.38458
[76]		1.97347		3.38459
[77]		1.97348		3.3846
[78]		1.97349		3.38461
[79]		1.97349		3.38462
[80]		1.9735		3.38463
[81]		1.9735		3.38464
[82]		1.97351		3.38465
[83]		1.97352		3.38466
[84]		1.97352		3.38467
[85]		1.97353		3.38468
[86]		1.97354		3.38469
[87]		1.97355		3.3847
[88]		1.97355		3.38471
[89]		1.97356		3.38473
[90]		1.97357		3.38474
[91]		1.97358		3.38475
[92]		1.97358		3.38476
[93]		1.97359		3.38477
[94]		1.9736		3.38479
[95]		1.97361		3.3848
[96]		1.97362		3.38482
[97]		1.97362		3.38483
[98]		1.97363		3.38484
[99]		1.97364		3.38485
[100]		1.97365		3.38487


Vector_of_weights_training

Pos. || value

[0][0]		0.390159
[0][1]		-0.369183
[0][2]		-0.460236
[0][3]		0.326529
[1][0]		0.0324044
[1][1]		0.456538
[2][0]		-0.0601159


Vector_of_bias_training

Pos. || value

[0][0]		0.390165
[0][1]		-0.36909
[1][0]		-0.459808
[2][0]		0.289694


Vector_of_weights_validation

Pos. || value

[0][0]		0.390159
[0][1]		-0.369184
[0][2]		-0.460236
[0][3]		0.326528
[1][0]		0.0324032
[1][1]		0.456538
[2][0]		-0.0601137


Vector_of_bias_validation

Pos. || value

[0][0]		0.390165
[0][1]		-0.369092
[1][0]		-0.459808
[2][0]		0.289694
