MLP_2-1-1__1000_Epochs_2026_01_18_13_40_51.txt

MAPE_training(1000): 3.02162
MAPE_validation(1000): 1.8424

Number of epochs || MAPE_value_training || MAPE_value_validation

1		3.62246		2.91329
2		3.63091		3.62843
3		3.70925		4.92203
4		3.87223		6.05578
5		3.96852		6.39977
6		4.03115		6.45943
7		4.1159		6.4692
8		4.18156		6.47088
9		4.23232		6.47119
10		4.27266		6.47125
11		4.30546		6.47127
12		4.33263		6.47127
13		4.35547		6.47127
14		4.37494		6.47127
15		4.39173		6.47127
16		4.40633		6.47127
17		4.41915		6.47127
18		4.43049		6.47127
19		4.44059		6.47127
20		4.44963		6.47127
21		4.45778		6.47127
22		4.46515		6.47127
23		4.47185		6.47127
24		4.47796		6.47127
25		4.48356		6.47127
26		4.48871		6.47127
27		4.49346		6.47127
28		4.49785		6.47127
29		4.50192		6.47127
30		4.50571		6.47127
31		4.50923		6.47127
32		4.51253		6.47126
33		4.51561		6.47125
34		4.5185		6.47122
35		4.52121		6.47115
36		4.52376		6.47097
37		4.52616		6.47055
38		4.52843		6.46958
39		4.53057		6.46748
40		4.5326		6.46319
41		4.53452		6.45492
42		4.53634		6.43984
43		4.53807		6.41399
44		4.53971		6.37227
45		4.54128		6.30897
46		4.54276		6.21871
47		4.54418		6.09762
48		4.54554		5.94438
49		4.54683		5.76053
50		4.54807		5.55003
51		4.54925		5.31819
52		4.55038		5.0705
53		4.55146		4.81184
54		4.5525		4.5461
55		4.55349		4.27626
56		4.55445		4.00464
57		4.55536		3.7333
58		4.55625		3.46427
59		4.55709		3.19975
60		4.5579		2.94204
61		4.55868		2.69341
62		4.55944		2.45594
63		4.56016		2.31885
64		4.56086		2.20206
65		4.56153		2.08093
66		4.56218		1.95885
67		4.5628		1.8389
68		4.5634		1.7236
69		4.56398		1.61483
70		4.56454		1.51387
71		4.56508		1.42522
72		4.5656		1.48262
73		4.56611		1.53354
74		4.56659		1.57838
75		4.56706		1.61758
76		4.56751		1.65162
77		4.56795		1.68099
78		4.56837		1.70619
79		4.56878		1.72769
80		4.56918		1.74594
81		4.56956		1.76135
82		4.56993		1.77429
83		4.57029		1.78508
84		4.57063		1.79404
85		4.57096		1.80139
86		4.57128		1.80737
87		4.57159		1.81214
88		4.57189		1.81586
89		4.57219		1.81865
90		4.57247		1.82057
91		4.57274		1.82171
92		4.573		1.82209
93		4.57325		1.82173
94		4.57349		1.82061
95		4.57373		1.81869
96		4.57396		1.8159
97		4.57418		1.81215
98		4.57439		1.80732
99		4.57459		1.80126
100		4.57479		1.79378
101		4.57498		1.78467
102		4.57516		1.77368
103		4.57533		1.76051
104		4.5755		1.74485
105		4.57566		1.72634
106		4.57582		1.70462
107		4.57597		1.67928
108		4.57611		1.64995
109		4.57624		1.61623
110		4.57638		1.57778
111		4.5765		1.5343
112		4.57662		1.48556
113		4.57674		1.43142
114		4.57684		1.37189
115		4.57695		1.30706
116		4.57704		1.23717
117		4.57714		1.16259
118		4.57723		1.08384
119		4.57731		1.00152
120		4.57739		0.916346
121		4.57746		0.829128
122		4.57753		0.816295
123		4.5776		0.904997
124		4.57766		0.993047
125		4.57771		1.07951
126		4.57776		1.16348
127		4.57781		1.24407
128		4.57785		1.32049
129		4.57789		1.39203
130		4.57792		1.45811
131		4.57795		1.5183
132		4.57798		1.57234
133		4.578		1.62013
134		4.57802		1.66176
135		4.57803		1.69746
136		4.57804		1.7276
137		4.57805		1.75265
138		4.57805		1.77315
139		4.57805		1.78967
140		4.57804		1.80278
141		4.57803		1.81303
142		4.57802		1.82092
143		4.578		1.82691
144		4.57799		1.83138
145		4.57796		1.83468
146		4.57793		1.83706
147		4.5779		1.83877
148		4.57787		1.83997
149		4.57783		1.8408
150		4.57779		1.84136
151		4.57774		1.84174
152		4.5777		1.84198
153		4.57764		1.84214
154		4.57759		1.84224
155		4.57753		1.84231
156		4.57747		1.84234
157		4.57741		1.84237
158		4.57734		1.84238
159		4.57726		1.84239
160		4.57719		1.84239
161		4.57711		1.84239
162		4.57703		1.84239
163		4.57694		1.8424
164		4.57685		1.8424
165		4.57676		1.8424
166		4.57667		1.8424
167		4.57657		1.8424
168		4.57647		1.8424
169		4.57636		1.8424
170		4.57625		1.8424
171		4.57614		1.8424
172		4.57602		1.8424
173		4.5759		1.8424
174		4.57578		1.8424
175		4.57566		1.8424
176		4.57553		1.8424
177		4.5754		1.8424
178		4.57526		1.8424
179		4.57512		1.8424
180		4.57498		1.8424
181		4.57483		1.8424
182		4.57468		1.8424
183		4.57453		1.8424
184		4.57437		1.8424
185		4.57421		1.8424
186		4.57405		1.8424
187		4.57388		1.8424
188		4.57371		1.8424
189		4.57354		1.8424
190		4.57336		1.8424
191		4.57318		1.8424
192		4.57299		1.8424
193		4.57281		1.8424
194		4.57262		1.8424
195		4.57242		1.8424
196		4.57222		1.8424
197		4.57202		1.8424
198		4.57181		1.8424
199		4.5716		1.8424
200		4.57138		1.8424
201		4.57116		1.8424
202		4.57094		1.8424
203		4.57072		1.8424
204		4.57049		1.8424
205		4.57025		1.8424
206		4.57002		1.8424
207		4.56977		1.8424
208		4.56953		1.8424
209		4.56928		1.8424
210		4.56902		1.8424
211		4.56876		1.8424
212		4.5685		1.8424
213		4.56824		1.8424
214		4.56797		1.8424
215		4.56769		1.8424
216		4.56741		1.8424
217		4.56713		1.8424
218		4.56684		1.8424
219		4.56655		1.8424
220		4.56625		1.8424
221		4.56595		1.8424
222		4.56564		1.8424
223		4.56533		1.8424
224		4.56502		1.8424
225		4.5647		1.8424
226		4.56437		1.8424
227		4.56405		1.8424
228		4.56371		1.8424
229		4.56337		1.8424
230		4.56303		1.8424
231		4.56268		1.8424
232		4.56233		1.8424
233		4.56196		1.8424
234		4.5616		1.8424
235		4.56123		1.8424
236		4.56086		1.8424
237		4.56048		1.8424
238		4.56009		1.8424
239		4.5597		1.8424
240		4.5593		1.8424
241		4.5589		1.8424
242		4.5585		1.8424
243		4.55809		1.8424
244		4.55766		1.8424
245		4.55724		1.8424
246		4.55681		1.8424
247		4.55638		1.8424
248		4.55593		1.8424
249		4.55548		1.8424
250		4.55503		1.8424
251		4.55457		1.8424
252		4.5541		1.8424
253		4.55363		1.8424
254		4.55315		1.8424
255		4.55267		1.8424
256		4.55217		1.8424
257		4.55168		1.8424
258		4.55117		1.8424
259		4.55066		1.8424
260		4.55014		1.8424
261		4.54961		1.8424
262		4.54908		1.8424
263		4.54854		1.8424
264		4.54799		1.8424
265		4.54744		1.8424
266		4.54688		1.8424
267		4.54631		1.8424
268		4.54573		1.8424
269		4.54515		1.8424
270		4.54456		1.8424
271		4.54396		1.8424
272		4.54335		1.8424
273		4.54274		1.8424
274		4.54211		1.8424
275		4.54148		1.8424
276		4.54084		1.8424
277		4.5402		1.8424
278		4.53954		1.8424
279		4.53888		1.8424
280		4.5382		1.8424
281		4.53752		1.8424
282		4.53683		1.8424
283		4.53613		1.8424
284		4.53542		1.8424
285		4.5347		1.8424
286		4.53398		1.8424
287		4.53324		1.8424
288		4.5325		1.8424
289		4.53174		1.8424
290		4.53097		1.8424
291		4.5302		1.8424
292		4.52941		1.8424
293		4.52862		1.8424
294		4.52781		1.8424
295		4.527		1.8424
296		4.52617		1.8424
297		4.52534		1.8424
298		4.52449		1.8424
299		4.52363		1.8424
300		4.52276		1.8424
301		4.52188		1.8424
302		4.52099		1.8424
303		4.52009		1.8424
304		4.51918		1.8424
305		4.51825		1.8424
306		4.51731		1.8424
307		4.51637		1.8424
308		4.5154		1.8424
309		4.51443		1.8424
310		4.51345		1.8424
311		4.51245		1.8424
312		4.51144		1.8424
313		4.51042		1.8424
314		4.50938		1.8424
315		4.50833		1.8424
316		4.50727		1.8424
317		4.50619		1.8424
318		4.5051		1.8424
319		4.504		1.8424
320		4.50288		1.8424
321		4.50175		1.8424
322		4.5006		1.8424
323		4.49944		1.8424
324		4.49827		1.8424
325		4.49708		1.8424
326		4.49588		1.8424
327		4.49466		1.8424
328		4.49343		1.8424
329		4.49218		1.8424
330		4.49092		1.8424
331		4.48963		1.8424
332		4.48834		1.8424
333		4.48703		1.8424
334		4.4857		1.8424
335		4.48435		1.8424
336		4.48299		1.8424
337		4.48161		1.8424
338		4.48022		1.8424
339		4.47881		1.8424
340		4.47737		1.8424
341		4.47593		1.8424
342		4.47446		1.8424
343		4.47298		1.8424
344		4.47148		1.8424
345		4.46996		1.8424
346		4.46842		1.8424
347		4.46686		1.8424
348		4.46528		1.8424
349		4.46369		1.8424
350		4.46207		1.8424
351		4.46043		1.8424
352		4.45878		1.8424
353		4.4571		1.8424
354		4.45541		1.8424
355		4.45369		1.8424
356		4.45196		1.8424
357		4.4502		1.8424
358		4.44842		1.8424
359		4.44661		1.8424
360		4.44479		1.8424
361		4.44295		1.8424
362		4.44108		1.8424
363		4.43919		1.8424
364		4.43728		1.8424
365		4.43535		1.8424
366		4.43339		1.8424
367		4.43141		1.8424
368		4.42941		1.8424
369		4.42738		1.8424
370		4.42532		1.8424
371		4.42325		1.8424
372		4.42115		1.8424
373		4.41902		1.8424
374		4.41687		1.8424
375		4.41469		1.8424
376		4.41249		1.8424
377		4.41026		1.8424
378		4.40801		1.8424
379		4.40573		1.8424
380		4.40343		1.8424
381		4.40109		1.8424
382		4.39873		1.8424
383		4.39635		1.8424
384		4.39393		1.8424
385		4.39149		1.8424
386		4.38902		1.8424
387		4.38652		1.8424
388		4.38399		1.8424
389		4.38143		1.8424
390		4.37885		1.8424
391		4.37624		1.8424
392		4.37359		1.8424
393		4.37092		1.8424
394		4.36821		1.8424
395		4.36548		1.8424
396		4.36271		1.8424
397		4.35992		1.8424
398		4.35709		1.8424
399		4.35423		1.8424
400		4.35134		1.8424
401		4.34842		1.8424
402		4.34546		1.8424
403		4.34248		1.8424
404		4.33946		1.8424
405		4.33641		1.8424
406		4.33332		1.8424
407		4.3302		1.8424
408		4.32705		1.8424
409		4.32387		1.8424
410		4.32065		1.8424
411		4.31739		1.8424
412		4.31411		1.8424
413		4.31078		1.8424
414		4.30742		1.8424
415		4.30403		1.8424
416		4.3006		1.8424
417		4.29713		1.8424
418		4.29363		1.8424
419		4.2901		1.8424
420		4.28652		1.8424
421		4.28291		1.8424
422		4.27926		1.8424
423		4.27558		1.8424
424		4.27185		1.8424
425		4.2681		1.8424
426		4.2643		1.8424
427		4.26047		1.8424
428		4.2566		1.8424
429		4.25268		1.8424
430		4.24873		1.8424
431		4.24474		1.8424
432		4.24072		1.8424
433		4.23665		1.8424
434		4.23255		1.8424
435		4.2284		1.8424
436		4.22422		1.8424
437		4.21999		1.8424
438		4.21573		1.8424
439		4.21142		1.8424
440		4.20708		1.8424
441		4.20269		1.8424
442		4.19827		1.8424
443		4.1938		1.8424
444		4.1893		1.8424
445		4.18475		1.8424
446		4.18016		1.8424
447		4.17554		1.8424
448		4.17086		1.8424
449		4.16615		1.8424
450		4.1614		1.8424
451		4.15661		1.8424
452		4.15177		1.8424
453		4.14689		1.8424
454		4.14198		1.8424
455		4.13702		1.8424
456		4.13201		1.8424
457		4.12697		1.8424
458		4.12189		1.8424
459		4.11676		1.8424
460		4.11159		1.8424
461		4.10638		1.8424
462		4.10113		1.8424
463		4.09584		1.8424
464		4.0905		1.8424
465		4.08512		1.8424
466		4.0797		1.8424
467		4.07424		1.8424
468		4.06874		1.8424
469		4.0632		1.8424
470		4.05761		1.8424
471		4.05199		1.8424
472		4.04632		1.8424
473		4.04061		1.8424
474		4.03506		1.8424
475		4.03206		1.8424
476		4.02903		1.8424
477		4.02597		1.8424
478		4.02288		1.8424
479		4.01977		1.8424
480		4.01663		1.8424
481		4.01347		1.8424
482		4.01027		1.8424
483		4.00706		1.8424
484		4.00381		1.8424
485		4.00054		1.8424
486		3.99724		1.8424
487		3.99391		1.8424
488		3.99056		1.8424
489		3.98718		1.8424
490		3.98378		1.8424
491		3.98035		1.8424
492		3.97689		1.8424
493		3.9734		1.8424
494		3.9699		1.8424
495		3.96636		1.8424
496		3.9628		1.8424
497		3.95921		1.8424
498		3.9556		1.8424
499		3.95196		1.8424
500		3.94829		1.8424
501		3.9446		1.8424
502		3.94089		1.8424
503		3.93715		1.8424
504		3.93339		1.8424
505		3.9296		1.8424
506		3.92578		1.8424
507		3.92195		1.8424
508		3.91808		1.8424
509		3.9142		1.8424
510		3.91029		1.8424
511		3.90635		1.8424
512		3.9024		1.8424
513		3.89842		1.8424
514		3.89441		1.8424
515		3.89039		1.8424
516		3.88634		1.8424
517		3.88227		1.8424
518		3.87817		1.8424
519		3.87406		1.8424
520		3.86992		1.8424
521		3.86577		1.8424
522		3.86159		1.8424
523		3.85739		1.8424
524		3.85317		1.8424
525		3.84892		1.8424
526		3.84466		1.8424
527		3.84038		1.8424
528		3.83608		1.8424
529		3.83176		1.8424
530		3.82742		1.8424
531		3.82306		1.8424
532		3.81869		1.8424
533		3.81429		1.8424
534		3.80988		1.8424
535		3.80545		1.8424
536		3.801		1.8424
537		3.79654		1.8424
538		3.79206		1.8424
539		3.78756		1.8424
540		3.78305		1.8424
541		3.77853		1.8424
542		3.77398		1.8424
543		3.76942		1.8424
544		3.76485		1.8424
545		3.76027		1.8424
546		3.75567		1.8424
547		3.75105		1.8424
548		3.74642		1.8424
549		3.74179		1.8424
550		3.73713		1.8424
551		3.73247		1.8424
552		3.72779		1.8424
553		3.7231		1.8424
554		3.71841		1.8424
555		3.71369		1.8424
556		3.70897		1.8424
557		3.70425		1.8424
558		3.69951		1.8424
559		3.69476		1.8424
560		3.69		1.8424
561		3.68524		1.8424
562		3.68046		1.8424
563		3.67568		1.8424
564		3.67089		1.8424
565		3.6661		1.8424
566		3.66129		1.8424
567		3.65648		1.8424
568		3.65167		1.8424
569		3.64684		1.8424
570		3.64202		1.8424
571		3.63719		1.8424
572		3.63235		1.8424
573		3.62751		1.8424
574		3.62267		1.8424
575		3.61783		1.8424
576		3.61298		1.8424
577		3.60813		1.8424
578		3.60327		1.8424
579		3.59841		1.8424
580		3.59355		1.8424
581		3.5887		1.8424
582		3.58384		1.8424
583		3.57898		1.8424
584		3.57412		1.8424
585		3.56995		1.8424
586		3.5686		1.8424
587		3.56724		1.8424
588		3.56588		1.8424
589		3.56451		1.8424
590		3.56314		1.8424
591		3.56176		1.8424
592		3.56037		1.8424
593		3.55898		1.8424
594		3.55758		1.8424
595		3.55618		1.8424
596		3.55477		1.8424
597		3.55336		1.8424
598		3.55194		1.8424
599		3.55052		1.8424
600		3.54909		1.8424
601		3.54766		1.8424
602		3.54622		1.8424
603		3.54478		1.8424
604		3.54334		1.8424
605		3.54189		1.8424
606		3.54044		1.8424
607		3.53898		1.8424
608		3.53752		1.8424
609		3.53605		1.8424
610		3.53459		1.8424
611		3.53312		1.8424
612		3.53164		1.8424
613		3.53016		1.8424
614		3.52868		1.8424
615		3.5272		1.8424
616		3.52571		1.8424
617		3.52422		1.8424
618		3.52273		1.8424
619		3.52123		1.8424
620		3.51973		1.8424
621		3.51823		1.8424
622		3.51673		1.8424
623		3.51522		1.8424
624		3.51372		1.8424
625		3.51221		1.8424
626		3.51069		1.8424
627		3.50918		1.8424
628		3.50767		1.8424
629		3.50615		1.8424
630		3.50463		1.8424
631		3.50311		1.8424
632		3.50159		1.8424
633		3.50006		1.8424
634		3.49854		1.8424
635		3.49701		1.8424
636		3.49548		1.8424
637		3.49395		1.8424
638		3.49242		1.8424
639		3.4909		1.8424
640		3.48936		1.8424
641		3.48783		1.8424
642		3.4863		1.8424
643		3.48476		1.8424
644		3.48323		1.8424
645		3.48169		1.8424
646		3.48016		1.8424
647		3.47863		1.8424
648		3.47709		1.8424
649		3.47555		1.8424
650		3.47402		1.8424
651		3.47248		1.8424
652		3.47094		1.8424
653		3.46941		1.8424
654		3.46787		1.8424
655		3.46634		1.8424
656		3.4648		1.8424
657		3.46326		1.8424
658		3.46173		1.8424
659		3.46019		1.8424
660		3.45866		1.8424
661		3.45712		1.8424
662		3.45559		1.8424
663		3.45406		1.8424
664		3.45252		1.8424
665		3.45099		1.8424
666		3.44946		1.8424
667		3.44793		1.8424
668		3.4464		1.8424
669		3.44487		1.8424
670		3.44334		1.8424
671		3.44181		1.8424
672		3.44029		1.8424
673		3.43876		1.8424
674		3.43724		1.8424
675		3.43571		1.8424
676		3.43419		1.8424
677		3.43267		1.8424
678		3.43115		1.8424
679		3.42963		1.8424
680		3.42811		1.8424
681		3.4266		1.8424
682		3.42508		1.8424
683		3.42357		1.8424
684		3.42206		1.8424
685		3.42054		1.8424
686		3.41904		1.8424
687		3.41753		1.8424
688		3.41602		1.8424
689		3.41452		1.8424
690		3.41301		1.8424
691		3.41151		1.8424
692		3.41001		1.8424
693		3.40851		1.8424
694		3.40701		1.8424
695		3.40552		1.8424
696		3.40403		1.8424
697		3.40253		1.8424
698		3.40104		1.8424
699		3.39955		1.8424
700		3.39807		1.8424
701		3.39658		1.8424
702		3.3951		1.8424
703		3.39362		1.8424
704		3.39214		1.8424
705		3.39066		1.8424
706		3.38918		1.8424
707		3.38771		1.8424
708		3.38624		1.8424
709		3.38476		1.8424
710		3.3833		1.8424
711		3.38183		1.8424
712		3.38037		1.8424
713		3.3789		1.8424
714		3.37744		1.8424
715		3.37598		1.8424
716		3.37453		1.8424
717		3.37307		1.8424
718		3.37162		1.8424
719		3.37017		1.8424
720		3.36872		1.8424
721		3.36727		1.8424
722		3.36583		1.8424
723		3.36438		1.8424
724		3.36294		1.8424
725		3.3615		1.8424
726		3.36007		1.8424
727		3.35863		1.8424
728		3.3572		1.8424
729		3.35577		1.8424
730		3.35434		1.8424
731		3.35291		1.8424
732		3.35149		1.8424
733		3.35006		1.8424
734		3.34864		1.8424
735		3.34722		1.8424
736		3.34581		1.8424
737		3.34439		1.8424
738		3.34298		1.8424
739		3.34157		1.8424
740		3.34016		1.8424
741		3.33876		1.8424
742		3.33735		1.8424
743		3.33595		1.8424
744		3.33455		1.8424
745		3.33315		1.8424
746		3.33176		1.8424
747		3.33036		1.8424
748		3.32897		1.8424
749		3.32758		1.8424
750		3.32619		1.8424
751		3.32481		1.8424
752		3.32342		1.8424
753		3.32204		1.8424
754		3.32066		1.8424
755		3.31929		1.8424
756		3.31791		1.8424
757		3.31654		1.8424
758		3.31516		1.8424
759		3.31379		1.8424
760		3.31243		1.8424
761		3.31106		1.8424
762		3.3097		1.8424
763		3.30834		1.8424
764		3.30698		1.8424
765		3.30562		1.8424
766		3.30427		1.8424
767		3.30291		1.8424
768		3.30156		1.8424
769		3.30021		1.8424
770		3.29886		1.8424
771		3.29751		1.8424
772		3.29617		1.8424
773		3.29483		1.8424
774		3.29349		1.8424
775		3.29215		1.8424
776		3.29081		1.8424
777		3.28948		1.8424
778		3.28814		1.8424
779		3.28681		1.8424
780		3.28549		1.8424
781		3.28416		1.8424
782		3.28283		1.8424
783		3.28151		1.8424
784		3.28019		1.8424
785		3.27887		1.8424
786		3.27755		1.8424
787		3.27623		1.8424
788		3.27492		1.8424
789		3.2736		1.8424
790		3.27229		1.8424
791		3.27098		1.8424
792		3.26967		1.8424
793		3.26837		1.8424
794		3.26706		1.8424
795		3.26576		1.8424
796		3.26446		1.8424
797		3.26316		1.8424
798		3.26187		1.8424
799		3.26057		1.8424
800		3.25928		1.8424
801		3.25798		1.8424
802		3.25669		1.8424
803		3.25541		1.8424
804		3.25412		1.8424
805		3.25283		1.8424
806		3.25155		1.8424
807		3.25027		1.8424
808		3.24899		1.8424
809		3.24771		1.8424
810		3.24643		1.8424
811		3.24515		1.8424
812		3.24388		1.8424
813		3.24261		1.8424
814		3.24133		1.8424
815		3.24007		1.8424
816		3.23879		1.8424
817		3.23753		1.8424
818		3.23626		1.8424
819		3.235		1.8424
820		3.23374		1.8424
821		3.23248		1.8424
822		3.23121		1.8424
823		3.22996		1.8424
824		3.2287		1.8424
825		3.22745		1.8424
826		3.22619		1.8424
827		3.22494		1.8424
828		3.22369		1.8424
829		3.22244		1.8424
830		3.22119		1.8424
831		3.21994		1.8424
832		3.2187		1.8424
833		3.21745		1.8424
834		3.21621		1.8424
835		3.21497		1.8424
836		3.21373		1.8424
837		3.21249		1.8424
838		3.21125		1.8424
839		3.21002		1.8424
840		3.20878		1.8424
841		3.20755		1.8424
842		3.20632		1.8424
843		3.20508		1.8424
844		3.20385		1.8424
845		3.20262		1.8424
846		3.2014		1.8424
847		3.20017		1.8424
848		3.19894		1.8424
849		3.19772		1.8424
850		3.1965		1.8424
851		3.19527		1.8424
852		3.19405		1.8424
853		3.19284		1.8424
854		3.19162		1.8424
855		3.1904		1.8424
856		3.18918		1.8424
857		3.18797		1.8424
858		3.18675		1.8424
859		3.18554		1.8424
860		3.18433		1.8424
861		3.18312		1.8424
862		3.18191		1.8424
863		3.1807		1.8424
864		3.1795		1.8424
865		3.17829		1.8424
866		3.17708		1.8424
867		3.17588		1.8424
868		3.17467		1.8424
869		3.17347		1.8424
870		3.17227		1.8424
871		3.17107		1.8424
872		3.16987		1.8424
873		3.16867		1.8424
874		3.16747		1.8424
875		3.16628		1.8424
876		3.16508		1.8424
877		3.16389		1.8424
878		3.16269		1.8424
879		3.1615		1.8424
880		3.16031		1.8424
881		3.15911		1.8424
882		3.15792		1.8424
883		3.15674		1.8424
884		3.15555		1.8424
885		3.15436		1.8424
886		3.15317		1.8424
887		3.15198		1.8424
888		3.1508		1.8424
889		3.14962		1.8424
890		3.14843		1.8424
891		3.14725		1.8424
892		3.14607		1.8424
893		3.14489		1.8424
894		3.14371		1.8424
895		3.14253		1.8424
896		3.14135		1.8424
897		3.14017		1.8424
898		3.139		1.8424
899		3.13782		1.8424
900		3.13664		1.8424
901		3.13547		1.8424
902		3.13429		1.8424
903		3.13312		1.8424
904		3.13195		1.8424
905		3.13077		1.8424
906		3.1296		1.8424
907		3.12843		1.8424
908		3.12726		1.8424
909		3.12609		1.8424
910		3.12492		1.8424
911		3.12375		1.8424
912		3.12258		1.8424
913		3.12142		1.8424
914		3.12025		1.8424
915		3.11909		1.8424
916		3.11792		1.8424
917		3.11676		1.8424
918		3.11559		1.8424
919		3.11443		1.8424
920		3.11327		1.8424
921		3.1121		1.8424
922		3.11094		1.8424
923		3.10978		1.8424
924		3.10862		1.8424
925		3.10746		1.8424
926		3.1063		1.8424
927		3.10514		1.8424
928		3.10398		1.8424
929		3.10283		1.8424
930		3.10167		1.8424
931		3.10051		1.8424
932		3.09936		1.8424
933		3.0982		1.8424
934		3.09705		1.8424
935		3.09589		1.8424
936		3.09474		1.8424
937		3.09358		1.8424
938		3.09243		1.8424
939		3.09128		1.8424
940		3.09012		1.8424
941		3.08897		1.8424
942		3.08782		1.8424
943		3.08667		1.8424
944		3.08552		1.8424
945		3.08437		1.8424
946		3.08322		1.8424
947		3.08207		1.8424
948		3.08092		1.8424
949		3.07978		1.8424
950		3.07863		1.8424
951		3.07748		1.8424
952		3.07633		1.8424
953		3.07518		1.8424
954		3.07404		1.8424
955		3.07289		1.8424
956		3.07175		1.8424
957		3.0706		1.8424
958		3.06946		1.8424
959		3.06831		1.8424
960		3.06717		1.8424
961		3.06602		1.8424
962		3.06488		1.8424
963		3.06373		1.8424
964		3.06259		1.8424
965		3.06145		1.8424
966		3.06031		1.8424
967		3.05917		1.8424
968		3.05802		1.8424
969		3.05688		1.8424
970		3.05574		1.8424
971		3.0546		1.8424
972		3.05346		1.8424
973		3.05232		1.8424
974		3.05118		1.8424
975		3.05004		1.8424
976		3.0489		1.8424
977		3.04776		1.8424
978		3.04662		1.8424
979		3.04549		1.8424
980		3.04435		1.8424
981		3.04321		1.8424
982		3.04207		1.8424
983		3.04093		1.8424
984		3.03979		1.8424
985		3.03866		1.8424
986		3.03752		1.8424
987		3.03638		1.8424
988		3.03525		1.8424
989		3.03411		1.8424
990		3.03297		1.8424
991		3.03184		1.8424
992		3.0307		1.8424
993		3.02957		1.8424
994		3.02843		1.8424
995		3.0273		1.8424
996		3.02616		1.8424
997		3.02503		1.8424
998		3.02389		1.8424
999		3.02276		1.8424
1000		3.02162		1.8424


Vector_of_weights_training

Lp. || value

1		-0.147193
2		-0.111787
3		41.5165


Vector_of_bias_weights_training

Lp. || value

1		0.142177
2		0.33671


Vector_of_weights_validation

Lp. || value

1		-27.2689
2		-9.30622
3		-131.217


Vector_of_bias_weights_validation

Lp. || value

1		-36.755
2		-0.314231
