MLP_2-3-2__100_Epochs_2024_11_12_00_02_20.txt

MAPE_training(100): 121.475
MAPE_validation(100): 116.537

Number of epochs || MAPE_value_training || MAPE_value_validation

1		134.556		135.56
2		130.628		128.359
3		128.987		123.791
4		128.314		121.026
5		128.038		119.401
6		127.925		118.46
7		127.879		117.916
8		127.86		117.601
9		127.852		117.42
10		127.849		117.316
11		127.848		117.254
12		127.848		117.218
13		127.848		117.195
14		127.849		117.181
15		127.849		117.172
16		127.85		117.165
17		127.85		117.16
18		127.851		117.155
19		127.852		117.152
20		127.853		117.148
21		127.853		117.145
22		127.854		117.141
23		127.855		117.138
24		127.856		117.135
25		127.857		117.131
26		127.858		117.128
27		127.859		117.125
28		127.86		117.122
29		127.862		117.118
30		127.863		117.115
31		127.864		117.112
32		127.866		117.109
33		127.867		117.105
34		127.869		117.102
35		127.87		117.098
36		127.872		117.095
37		127.874		117.092
38		127.875		117.088
39		127.877		117.085
40		127.879		117.081
41		127.881		117.078
42		127.883		117.074
43		127.886		117.07
44		127.888		117.066
45		127.89		117.063
46		127.892		117.059
47		127.895		117.055
48		127.897		117.051
49		127.9		117.047
50		127.902		117.043
51		127.905		117.039
52		127.908		117.034
53		127.91		117.03
54		127.913		117.025
55		127.916		117.021
56		127.919		117.016
57		127.921		117.011
58		127.924		117.007
59		127.927		117.001
60		127.93		116.996
61		127.933		116.991
62		127.935		116.986
63		127.938		116.98
64		127.941		116.974
65		127.943		116.969
66		127.945		116.963
67		127.947		116.956
68		127.949		116.95
69		127.951		116.943
70		127.952		116.937
71		127.953		116.93
72		127.953		116.922
73		127.953		116.915
74		127.951		116.907
75		127.948		116.899
76		127.944		116.891
77		127.939		116.882
78		127.931		116.873
79		127.92		116.864
80		127.905		116.854
81		127.887		116.844
82		127.863		116.834
83		127.833		116.823
84		127.794		116.811
85		127.745		116.8
86		127.682		116.787
87		127.604		116.774
88		127.505		116.761
89		127.379		116.747
90		127.222		116.732
91		127.026		116.717
92		126.78		116.7
93		126.475		116.683
94		126.098		116.666
95		125.633		116.647
96		125.066		116.627
97		124.383		116.606
98		123.565		116.585
99		122.6		116.562
100		121.475		116.537


Vector_of_weights_training

Lp. || value

1		5.24123
2		-6.51222
3		1.06661
4		-1.90554
5		-6.84637
6		7.51004
7		0.365798
8		0.535307
9		-1.31744
10		3.28983
11		0.526444
12		-4.47222
13		0.550235
14		3.62436


Vector_of_bias_weights_training

Lp. || value

1		0.406885
2		-0.208773
3		-1.15286
4		-0.0311111
5		-0.0644294
6		-0.578266


Vector_of_weights_validation

Lp. || value

1		0.536044
2		-0.951132
3		-0.0469234
4		-0.0935119
5		0.226675
6		-0.677033
7		-0.537436
8		-0.0834171
9		-0.532195
10		0.387698
11		-0.246539
12		0.410127
13		-0.21005
14		0.252366


Vector_of_bias_weights_validation

Lp. || value

1		0.240956
2		-0.305745
3		-0.0397304
4		0.379311
5		-0.446313
6		-0.140344
