Number_of_input || Number_of_output

2	1

No. || Degree || Load || Diffraction

1	8	4	-0.037145655
2	10	4	-0.038994299
3	12	4	-0.040549755
4	14	4	-0.041891839
5	16	4	-0.043056218
6	18	4	-0.04405817
7	20	4	-0.044903064
8	22	4	-0.045591366
9	24	4	-0.046121198
10	26	4	-0.046489713
11	28	4	-0.04669387
12	30	4	-0.046730891
13	32	4	-0.046598543
14	34	4	-0.046295321
15	36	4	-0.045820573
16	38	4	-0.045174584
17	40	4	-0.044358653
18	42	4	-0.043375144
19	44	4	-0.042227536
20	46	4	-0.040920474
21	48	4	-0.039459811
22	50	4	-0.037852659
23	52	4	-0.036107434
24	54	4	-0.034233914
25	56	4	-0.032243296
26	58	4	-0.030148264
27	60	4	-0.027963059
28	62	4	-0.02570357
29	64	4	-0.023387426
30	66	4	-0.021034109
31	68	4	-0.01866508
32	70	4	-0.01630393
33	72	4	-0.013976551
34	74	4	-0.011711336
35	76	4	-0.009539418
36	78	4	-0.00749494
37	80	4	-0.005615386
38	8	3.8	-0.035411052
39	10	3.8	-0.037176768
40	12	3.8	-0.038662733
41	14	3.8	-0.039945148
42	16	3.8	-0.041058056
43	18	3.8	-0.042016028
44	20	3.8	-0.042824174
45	22	3.8	-0.043482928
46	24	3.8	-0.043990483
47	26	3.8	-0.044344112
48	28	3.8	-0.044540898
49	30	3.8	-0.044578181
50	32	3.8	-0.04445382
51	34	3.8	-0.044166368
52	36	3.8	-0.043715194
53	38	3.8	-0.043100563
54	40	3.8	-0.042323706
55	42	3.8	-0.041386871
56	44	3.8	-0.040293375
57	46	3.8	-0.039047642
58	48	3.8	-0.037655255
59	50	3.8	-0.036122994
60	52	3.8	-0.034458888
61	54	3.8	-0.032672264
62	56	3.8	-0.030773804
63	58	3.8	-0.028775607
64	60	3.8	-0.026691262
65	62	3.8	-0.024535929
66	64	3.8	-0.022326425
67	66	3.8	-0.020081337
68	68	3.8	-0.01782114
69	70	3.8	-0.015568336
70	72	3.8	-0.013347625
71	74	3.8	-0.011186086
72	76	3.8	-0.009113409
73	78	3.8	-0.007162152
74	80	3.8	-0.005368047
75	8	3.6	-0.033676772
76	10	3.6	-0.035359644
77	12	3.6	-0.036776205
78	14	3.6	-0.037999043
79	16	3.6	-0.039060572
80	18	3.6	-0.039974659
81	20	3.6	-0.040746154
82	22	3.6	-0.041375457
83	24	3.6	-0.041860836
84	26	3.6	-0.042199676
85	28	3.6	-0.042389191
86	30	3.6	-0.042426834
87	32	3.6	-0.042310554
88	34	3.6	-0.042038963
89	36	3.6	-0.04161145
90	38	3.6	-0.041028258
91	40	3.6	-0.040290549
92	42	3.6	-0.039400456
93	44	3.6	-0.038361128
94	46	3.6	-0.037176773
95	48	3.6	-0.035852697
96	50	3.6	-0.034395352
97	52	3.6	-0.032812376
98	54	3.6	-0.031112644
99	56	3.6	-0.029306322
100	58	3.6	-0.027404927
101	60	3.6	-0.025421393
102	62	3.6	-0.023370148
103	64	3.6	-0.0212672
104	66	3.6	-0.01913024
105	68	3.6	-0.016978757
106	70	3.6	-0.014834168
107	72	3.6	-0.012719977
108	74	3.6	-0.010661955
109	76	3.6	-0.008688351
110	78	3.6	-0.006830138
111	80	3.6	-0.005121307
112	8	3.4	-0.031942813
113	10	3.4	-0.033542927
114	12	3.4	-0.034890172
115	14	3.4	-0.036053522
116	16	3.4	-0.037063765
117	18	3.4	-0.03793406
118	20	3.4	-0.038669002
119	22	3.4	-0.039268953
120	24	3.4	-0.039732253
121	26	3.4	-0.040056406
122	28	3.4	-0.040238748
123	30	3.4	-0.040276847
124	32	3.4	-0.040168743
125	34	3.4	-0.039913105
126	36	3.4	-0.03950934
127	38	3.4	-0.038957667
128	40	3.4	-0.03825918
129	42	3.4	-0.037415895
130	44	3.4	-0.036430794
131	46	3.4	-0.035307863
132	48	3.4	-0.034052135
133	50	3.4	-0.032669729
134	52	3.4	-0.031167893
135	54	3.4	-0.02955505
136	56	3.4	-0.027840849
137	58	3.4	-0.026036222
138	60	3.4	-0.024153447
139	62	3.4	-0.022206223
140	64	3.4	-0.020209746
141	66	3.4	-0.018180815
142	68	3.4	-0.016137928
143	70	3.4	-0.014101421
144	72	3.4	-0.012093604
145	74	3.4	-0.01013894
146	76	3.4	-0.00826424
147	78	3.4	-0.006498897
148	80	3.4	-0.004875164
149	8	3.2	-0.030209174
150	10	3.2	-0.031726613
151	12	3.2	-0.03300463
152	14	3.2	-0.034108583
153	16	3.2	-0.035067633
154	18	3.2	-0.035894231
155	20	3.2	-0.036592716
156	22	3.2	-0.037163413
157	24	3.2	-0.037604734
158	26	3.2	-0.037914297
159	28	3.2	-0.038089565
160	30	3.2	-0.038128218
161	32	3.2	-0.038028385
162	34	3.2	-0.037788791
163	36	3.2	-0.03740886
164	38	3.2	-0.036888787
165	40	3.2	-0.036229598
166	42	3.2	-0.035433187
167	44	3.2	-0.03450237
168	46	3.2	-0.03344091
169	48	3.2	-0.032253566
170	50	3.2	-0.030946124
171	52	3.2	-0.029525439
172	54	3.2	-0.027999481
173	56	3.2	-0.026377381
174	58	3.2	-0.024669488
175	60	3.2	-0.022887422
176	62	3.2	-0.02104415
177	64	3.2	-0.019154062
178	66	3.2	-0.017233057
179	68	3.2	-0.015298651
180	70	3.2	-0.013370092
181	72	3.2	-0.011468502
182	74	3.2	-0.009617037
183	76	3.2	-0.007841073
184	78	3.2	-0.006168427
185	80	3.2	-0.004629616
186	8	3	-0.02847585
187	10	3	-0.029910701
188	12	3	-0.031119577
189	14	3	-0.032164223
190	16	3	-0.033072172
191	18	3	-0.033855169
192	20	3	-0.034517294
193	22	3	-0.035058836
194	24	3	-0.035478277
195	26	3	-0.03577335
196	28	3	-0.035941642
197	30	3	-0.035980946
198	32	3	-0.035889478
199	34	3	-0.035666019
200	36	3	-0.035310009
201	38	3	-0.034821618
202	40	3	-0.034201799
203	42	3	-0.03345233
204	44	3	-0.032575853
205	46	3	-0.031575912
206	48	3	-0.030456988
207	50	3	-0.029224532
208	52	3	-0.027885008
209	54	3	-0.026445932
210	56	3	-0.024915916
211	58	3	-0.023304721
212	60	3	-0.021623313
213	62	3	-0.019883928
214	64	3	-0.018100143
215	66	3	-0.016286964
216	68	3	-0.01446092
217	70	3	-0.012640178
218	72	3	-0.01084467
219	74	3	-0.009096245
220	76	3	-0.007418848
221	78	3	-0.005838725
222	80	3	-0.004384662
223	8	2.8	-0.026742842
224	10	2.8	-0.028095187
225	12	2.8	-0.029235011
226	14	2.8	-0.030220441
227	16	2.8	-0.031077382
228	18	2.8	-0.031816873
229	20	2.8	-0.032442733
230	22	2.8	-0.032955218
231	24	2.8	-0.033352878
232	26	2.8	-0.033633561
233	28	2.8	-0.033794977
234	30	2.8	-0.033835029
235	32	2.8	-0.03375202
236	34	2.8	-0.033544787
237	36	2.8	-0.033212784
238	38	2.8	-0.032756156
239	40	2.8	-0.032175782
240	42	2.8	-0.03147332
241	44	2.8	-0.030651241
242	46	2.8	-0.029712866
243	48	2.8	-0.028662397
244	50	2.8	-0.027504952
245	52	2.8	-0.026246599
246	54	2.8	-0.0248944
247	56	2.8	-0.023456448
248	58	2.8	-0.021941918
249	60	2.8	-0.020361117
250	62	2.8	-0.018725551
251	64	2.8	-0.017047986
252	66	2.8	-0.015342532
253	68	2.8	-0.013624734
254	70	2.8	-0.011911676
255	72	2.8	-0.010222102
256	74	2.8	-0.008576559
257	76	2.8	-0.006997562
258	78	2.8	-0.005509788
259	80	2.8	-0.004140299
260	8	2.6	-0.025010145
261	10	2.6	-0.026280071
262	12	2.6	-0.02735093
263	14	2.6	-0.028277234
264	16	2.6	-0.029083259
265	18	2.6	-0.029779339
266	20	2.6	-0.030369033
267	22	2.6	-0.030852559
268	24	2.6	-0.031228538
269	26	2.6	-0.031494929
270	28	2.6	-0.031649567
271	30	2.6	-0.031690464
272	32	2.6	-0.03161601
273	34	2.6	-0.031425094
274	36	2.6	-0.031117185
275	38	2.6	-0.0306924
276	40	2.6	-0.030151545
277	42	2.6	-0.029496156
278	44	2.6	-0.028728532
279	46	2.6	-0.02785177
280	48	2.6	-0.026869792
281	50	2.6	-0.02578738
282	52	2.6	-0.024610209
283	54	2.6	-0.023344884
284	56	2.6	-0.021998977
285	58	2.6	-0.020581076
286	60	2.6	-0.019100832
287	62	2.6	-0.017569016
288	64	2.6	-0.015997586
289	66	2.6	-0.014399757
290	68	2.6	-0.012790088
291	70	2.6	-0.011184582
292	72	2.6	-0.009600796
293	74	2.6	-0.008057977
294	76	2.6	-0.006577213
295	78	2.6	-0.005181615
296	80	2.6	-0.003896525
297	8	2.4	-0.023277759
298	10	2.4	-0.024465349
299	12	2.4	-0.025467331
300	14	2.4	-0.0263346
301	16	2.4	-0.027089803
302	18	2.4	-0.027742566
303	20	2.4	-0.02829619
304	22	2.4	-0.028750856
305	24	2.4	-0.029105252
306	26	2.4	-0.029357453
307	28	2.4	-0.02950541
308	30	2.4	-0.02954725
309	32	2.4	-0.029481445
310	34	2.4	-0.029306937
311	36	2.4	-0.029023209
312	38	2.4	-0.028630348
313	40	2.4	-0.028129085
314	42	2.4	-0.027520835
315	44	2.4	-0.026807723
316	46	2.4	-0.02599262
317	48	2.4	-0.025079169
318	50	2.4	-0.024071814
319	52	2.4	-0.022975835
320	54	2.4	-0.021797379
321	56	2.4	-0.020543498
322	58	2.4	-0.019222191
323	60	2.4	-0.017842453
324	62	2.4	-0.016414321
325	64	2.4	-0.014948942
326	66	2.4	-0.013458636
327	68	2.4	-0.011956979
328	70	2.4	-0.010458893
329	72	2.4	-0.00898075
330	74	2.4	-0.007540496
331	76	2.4	-0.006157798
332	78	2.4	-0.004854203
333	80	2.4	-0.003653339
334	8	2.2	-0.02154568
335	10	2.2	-0.02265102
336	12	2.2	-0.023584214
337	14	2.2	-0.024392537
338	16	2.2	-0.025097011
339	18	2.2	-0.025706552
340	20	2.2	-0.026224204
341	22	2.2	-0.026650108
342	24	2.2	-0.026983021
343	26	2.2	-0.027221129
344	28	2.2	-0.027362506
345	30	2.2	-0.027405385
346	32	2.2	-0.027348324
347	34	2.2	-0.027190314
348	36	2.2	-0.026930853
349	38	2.2	-0.026569997
350	40	2.2	-0.026108401
351	42	2.2	-0.025547355
352	44	2.2	-0.024888813
353	46	2.2	-0.024135416
354	48	2.2	-0.023290526
355	50	2.2	-0.022358251
356	52	2.2	-0.021343474
357	54	2.2	-0.020251882
358	56	2.2	-0.019090008
359	58	2.2	-0.017865261
360	60	2.2	-0.016585977
361	62	2.2	-0.015261461
362	64	2.2	-0.013902049
363	66	2.2	-0.012519166
364	68	2.2	-0.011125404
365	70	2.2	-0.009734605
366	72	2.2	-0.008361958
367	74	2.2	-0.007024113
368	76	2.2	-0.005739313
369	78	2.2	-0.004527549
370	80	2.2	-0.003410739
371	8	2	-0.019813911
372	10	2	-0.020837082
373	12	2	-0.021701574
374	14	2	-0.022451043
375	16	2	-0.02310488
376	18	2	-0.023671295
377	20	2	-0.024153071
378	22	2	-0.024550312
379	24	2	-0.024861841
380	26	2	-0.025085956
381	28	2	-0.025220851
382	30	2	-0.025264867
383	32	2	-0.025216644
384	34	2	-0.025075224
385	36	2	-0.024840116
386	38	2	-0.024511345
387	40	2	-0.02408949
388	42	2	-0.023575715
389	44	2	-0.022971797
390	46	2	-0.022280153
391	48	2	-0.021503861
392	50	2	-0.020646689
393	52	2	-0.019713122
394	54	2	-0.018708391
395	56	2	-0.017638504
396	58	2	-0.016510282
397	60	2	-0.015331401
398	62	2	-0.014110433
399	64	2	-0.012856903
400	66	2	-0.011581342
401	68	2	-0.010295359
402	70	2	-0.009011716
403	72	2	-0.00774442
404	74	2	-0.006508826
405	76	2	-0.005321758
406	78	2	-0.004201652
407	80	2	-0.003168722
408	8	1.8	-0.018082451
409	10	1.8	-0.019023531
410	12	1.8	-0.019819411
411	14	1.8	-0.020510116
412	16	1.8	-0.021113409
413	18	1.8	-0.021636793
414	20	1.8	-0.022082791
415	22	1.8	-0.022451466
416	24	1.8	-0.022741711
417	26	1.8	-0.022951933
418	28	1.8	-0.023080445
419	30	1.8	-0.023125694
420	32	1.8	-0.023086404
421	34	1.8	-0.022961665
422	36	1.8	-0.022750996
423	38	1.8	-0.022454391
424	40	1.8	-0.022072349
425	42	1.8	-0.021605911
426	44	1.8	-0.021056675
427	46	1.8	-0.02042683
428	48	1.8	-0.01971917
429	50	1.8	-0.018937123
430	52	1.8	-0.018084777
431	54	1.8	-0.017166902
432	56	1.8	-0.016188982
433	58	1.8	-0.01515725
434	60	1.8	-0.014078721
435	62	1.8	-0.012961234
436	64	1.8	-0.011813502
437	66	1.8	-0.010645162
438	68	1.8	-0.009466841
439	70	1.8	-0.008290222
440	72	1.8	-0.007128131
441	74	1.8	-0.00599463
442	76	1.8	-0.004905128
443	78	1.8	-0.00387651
444	80	1.8	-0.002927287
445	8	1.6	-0.016351263
446	10	1.6	-0.017210366
447	12	1.6	-0.017937722
448	14	1.6	-0.018569753
449	16	1.6	-0.019122596
450	18	1.6	-0.019603044
451	20	1.6	-0.02001336
452	22	1.6	-0.020353569
453	24	1.6	-0.020622629
454	26	1.6	-0.020819057
455	28	1.6	-0.020941284
456	30	1.6	-0.020987864
457	32	1.6	-0.020957601
458	34	1.6	-0.020849634
459	36	1.6	-0.020663491
460	38	1.6	-0.020399132
461	40	1.6	-0.020056978
462	42	1.6	-0.019637941
463	44	1.6	-0.019143444
464	46	1.6	-0.018575444
465	48	1.6	-0.017936451
466	50	1.6	-0.017229553
467	52	1.6	-0.016458437
468	54	1.6	-0.015627412
469	56	1.6	-0.014741441
470	58	1.6	-0.013806163
471	60	1.6	-0.012827934
472	62	1.6	-0.01181386
473	64	1.6	-0.010771841
474	66	1.6	-0.009710622
475	68	1.6	-0.008639845
476	70	1.6	-0.007570119
477	72	1.6	-0.006513088
478	74	1.6	-0.005481523
479	76	1.6	-0.004489421
480	78	1.6	-0.003552119
481	80	1.6	-0.002686432
482	8	1.4	-0.014620385
483	10	1.4	-0.015397586
484	12	1.4	-0.016056505
485	14	1.4	-0.016629953
486	16	1.4	-0.017132438
487	18	1.4	-0.017570046
488	20	1.4	-0.017944778
489	22	1.4	-0.018256619
490	24	1.4	-0.018504593
491	26	1.4	-0.018687326
492	28	1.4	-0.018803367
493	30	1.4	-0.018851375
494	32	1.4	-0.018830235
495	34	1.4	-0.01873913
496	36	1.4	-0.018577599
497	38	1.4	-0.018345566
498	40	1.4	-0.018043373
499	42	1.4	-0.017671804
500	44	1.4	-0.017232102
501	46	1.4	-0.016725992
502	48	1.4	-0.016155701
503	50	1.4	-0.015523974
504	52	1.4	-0.014834097
505	54	1.4	-0.014089919
506	56	1.4	-0.013295876
507	58	1.4	-0.012457017
508	60	1.4	-0.011579036
509	62	1.4	-0.010668307
510	64	1.4	-0.009731918
511	66	1.4	-0.008777718
512	68	1.4	-0.00781437
513	70	1.4	-0.006851404
514	72	1.4	-0.005899288
515	74	1.4	-0.004969503
516	76	1.4	-0.004074635
517	78	1.4	-0.003228477
518	80	1.4	-0.002446156
519	8	1.2	-0.012889797
520	10	1.2	-0.013585186
521	12	1.2	-0.014175758
522	14	1.2	-0.014690713
523	16	1.2	-0.015142934
524	18	1.2	-0.015537796
525	20	1.2	-0.015877041
526	22	1.2	-0.016160613
527	24	1.2	-0.016387601
528	26	1.2	-0.016556739
529	28	1.2	-0.016666693
530	30	1.2	-0.016716226
531	32	1.2	-0.016704302
532	34	1.2	-0.016630151
533	36	1.2	-0.016493317
534	38	1.2	-0.016293691
535	40	1.2	-0.016031533
536	42	1.2	-0.015707496
537	44	1.2	-0.015322645
538	46	1.2	-0.014878473
539	48	1.2	-0.014376919
540	50	1.2	-0.013820385
541	52	1.2	-0.013211756
542	54	1.2	-0.012554419
543	56	1.2	-0.011852284
544	58	1.2	-0.011109808
545	60	1.2	-0.010332025
546	62	1.2	-0.009524573
547	64	1.2	-0.008693728
548	66	1.2	-0.007846448
549	68	1.2	-0.006990411
550	70	1.2	-0.006134075
551	72	1.2	-0.005286728
552	74	1.2	-0.004458567
553	76	1.2	-0.003660767
554	78	1.2	-0.002905584
555	80	1.2	-0.002206455
556	8	1	-0.011159494
557	10	1	-0.011773166
558	12	1	-0.012295478
559	14	1	-0.012752032
560	16	1	-0.013154081
561	18	1	-0.013506293
562	20	1	-0.013810148
563	22	1	-0.01406555
564	24	1	-0.014271651
565	26	1	-0.014427294
566	28	1	-0.01453126
567	30	1	-0.014582415
568	32	1	-0.014579801
569	34	1	-0.014522694
570	36	1	-0.014410645
571	38	1	-0.014243505
572	40	1	-0.014021455
573	42	1	-0.013745016
574	44	1	-0.013415072
575	46	1	-0.013032883
576	48	1	-0.0126001
577	50	1	-0.012118782
578	52	1	-0.01159141
579	54	1	-0.011020909
580	56	1	-0.010410662
581	58	1	-0.009764534
582	60	1	-0.009086897
583	62	1	-0.008382653
584	64	1	-0.007657269
585	66	1	-0.006916807
586	68	1	-0.006167966
587	70	1	-0.005418127
588	72	1	-0.004675406
589	74	1	-0.00394871
590	76	1	-0.003247814
591	78	1	-0.002583435
592	80	1	-0.001967329
593	8	0.8	-0.009429586
594	10	0.8	-0.009961523
595	12	0.8	-0.010415663
596	14	0.8	-0.010813907
597	16	0.8	-0.011165877
598	18	0.8	-0.011475535
599	20	0.8	-0.011744098
600	22	0.8	-0.011971428
601	24	0.8	-0.012156741
602	26	0.8	-0.012298988
603	28	0.8	-0.012397065
604	30	0.8	-0.012449939
605	32	0.8	-0.01245673
606	34	0.8	-0.012416758
607	36	0.8	-0.012329579
608	38	0.8	-0.012195007
609	40	0.8	-0.012013137
610	42	0.8	-0.011784361
611	44	0.8	-0.01150938
612	46	0.8	-0.01118922
613	48	0.8	-0.010825243
614	50	0.8	-0.010419162
615	52	0.8	-0.009973057
616	54	0.8	-0.009489387
617	56	0.8	-0.008971007
618	58	0.8	-0.008421192
619	60	0.8	-0.007843648
620	62	0.8	-0.007242545
621	64	0.8	-0.006622537
622	66	0.8	-0.005988792
623	68	0.8	-0.00534703
624	70	0.8	-0.004703558
625	72	0.8	-0.004065316
626	74	0.8	-0.003439932
627	76	0.8	-0.002835774
628	78	0.8	-0.002262029
629	80	0.8	-0.001728776
630	8	0.6	-0.007699914
631	10	0.6	-0.008150255
632	12	0.6	-0.008536312
633	14	0.6	-0.008876336
634	16	0.6	-0.009178321
635	18	0.6	-0.00944552
636	20	0.6	-0.009678887
637	22	0.6	-0.009878244
638	24	0.6	-0.01004287
639	26	0.6	-0.010171821
640	28	0.6	-0.010264106
641	30	0.6	-0.010318796
642	32	0.6	-0.010335087
643	34	0.6	-0.010312341
644	36	0.6	-0.010250118
645	38	0.6	-0.010148193
646	40	0.6	-0.010006577
647	42	0.6	-0.00982553
648	44	0.6	-0.009605568
649	46	0.6	-0.009347482
650	48	0.6	-0.009052345
651	50	0.6	-0.008721524
652	52	0.6	-0.008356694
653	54	0.6	-0.007959848
654	56	0.6	-0.007533317
655	58	0.6	-0.007079777
656	60	0.6	-0.006602276
657	62	0.6	-0.006104245
658	64	0.6	-0.005589528
659	66	0.6	-0.0050624
660	68	0.6	-0.0045276
661	70	0.6	-0.003990363
662	72	0.6	-0.003456458
663	74	0.6	-0.002932228
664	76	0.6	-0.002424644
665	78	0.6	-0.001941364
666	80	0.6	-0.001490793
667	9	3.9	-0.037225434
668	11	3.9	-0.038875332
669	13	3.9	-0.040285534
670	15	3.9	-0.041508194
671	17	3.9	-0.042566381
672	19	3.9	-0.043469333
673	21	3.9	-0.044219473
674	23	3.9	-0.044815884
675	25	3.9	-0.045256128
676	27	3.9	-0.045537251
677	29	3.9	-0.045656362
678	31	3.9	-0.045610981
679	33	3.9	-0.045399259
680	35	3.9	-0.045020123
681	37	3.9	-0.044473382
682	39	3.9	-0.043759799
683	41	3.9	-0.042881151
684	43	3.9	-0.041840287
685	45	3.9	-0.040641166
686	47	3.9	-0.039288909
687	49	3.9	-0.037789843
688	51	3.9	-0.036151545
689	53	3.9	-0.034382896
690	55	3.9	-0.032494135
691	57	3.9	-0.030496919
692	59	3.9	-0.028404392
693	61	3.9	-0.026231262
694	63	3.9	-0.023993891
695	65	3.9	-0.021710392
696	67	3.9	-0.019400751
697	69	3.9	-0.017086954
698	71	3.9	-0.014793151
699	73	3.9	-0.012545831
700	75	3.9	-0.010374036
701	77	3.9	-0.00830961
702	79	3.9	-0.00638749
703	81	3.9	-0.004646048
704	9	3.7	-0.035447513
705	11	3.7	-0.037021893
706	13	3.7	-0.038367851
707	15	3.7	-0.039535118
708	17	3.7	-0.040545679
709	19	3.7	-0.041408329
710	21	3.7	-0.042125366
711	23	3.7	-0.0426959
712	25	3.7	-0.043117596
713	27	3.7	-0.043387625
714	29	3.7	-0.043503218
715	31	3.7	-0.043462
716	33	3.7	-0.043262197
717	35	3.7	-0.042902778
718	37	3.7	-0.042383551
719	39	3.7	-0.041705233
720	41	3.7	-0.040869513
721	43	3.7	-0.039879096
722	45	3.7	-0.038737753
723	47	3.7	-0.037450357
724	49	3.7	-0.036022934
725	51	3.7	-0.034462703
726	53	3.7	-0.032778124
727	55	3.7	-0.030978953
728	57	3.7	-0.029076297
729	59	3.7	-0.027082684
730	61	3.7	-0.025012128
731	63	3.7	-0.022880223
732	65	3.7	-0.02070423
733	67	3.7	-0.018503194
734	69	3.7	-0.016298067
735	71	3.7	-0.014111857
736	73	3.7	-0.011969804
737	75	3.7	-0.009899575
738	77	3.7	-0.007931502
739	79	3.7	-0.006098858
740	81	3.7	-0.00443818
741	9	3.5	-0.033669957
742	11	3.5	-0.035168904
743	13	3.5	-0.036450708
744	15	3.5	-0.037562672
745	17	3.5	-0.038525701
746	19	3.5	-0.039348146
747	21	3.5	-0.040032176
748	23	3.5	-0.040576934
749	25	3.5	-0.040980181
750	27	3.5	-0.041239214
751	29	3.5	-0.041351387
752	31	3.5	-0.041314428
753	33	3.5	-0.041126638
754	35	3.5	-0.040787025
755	37	3.5	-0.040295395
756	39	3.5	-0.039652421
757	41	3.5	-0.038859698
758	43	3.5	-0.037919792
759	45	3.5	-0.036836278
760	47	3.5	-0.035613786
761	49	3.5	-0.034258037
762	51	3.5	-0.032775889
763	53	3.5	-0.031175383
764	55	3.5	-0.029465791
765	57	3.5	-0.02765767
766	59	3.5	-0.025762928
767	61	3.5	-0.023794888
768	63	3.5	-0.021768374
769	65	3.5	-0.019699795
770	67	3.5	-0.017607254
771	69	3.5	-0.015510671
772	71	3.5	-0.013431915
773	73	3.5	-0.011394975
774	75	3.5	-0.009426147
775	77	3.5	-0.007554255
776	79	3.5	-0.005810911
777	81	3.5	-0.004230825
778	9	3.3	-0.031892762
779	11	3.3	-0.033316364
780	13	3.3	-0.034534102
781	15	3.3	-0.035590856
782	17	3.3	-0.036506446
783	19	3.3	-0.037288781
784	21	3.3	-0.037939903
785	23	3.3	-0.038458982
786	25	3.3	-0.038843879
787	27	3.3	-0.039092016
788	29	3.3	-0.039200867
789	31	3.3	-0.039168263
790	33	3.3	-0.038992579
791	35	3.3	-0.038672861
792	37	3.3	-0.038208912
793	39	3.3	-0.037601359
794	41	3.3	-0.036851705
795	43	3.3	-0.035962372
796	45	3.3	-0.03493674
797	47	3.3	-0.033779193
798	49	3.3	-0.032495147
799	51	3.3	-0.031091101
800	53	3.3	-0.029574672
801	55	3.3	-0.027954647
802	57	3.3	-0.026241035
803	59	3.3	-0.024445121
804	61	3.3	-0.022579539
805	63	3.3	-0.020658339
806	65	3.3	-0.018697081
807	67	3.3	-0.016712928
808	69	3.3	-0.014724763
809	71	3.3	-0.012753321
810	73	3.3	-0.010821342
811	75	3.3	-0.008953751
812	77	3.3	-0.007177867
813	79	3.3	-0.005523648
814	81	3.3	-0.00402398
815	9	3.1	-0.030115927
816	11	3.1	-0.03146427
817	13	3.1	-0.032618031
818	15	3.1	-0.033619666
819	17	3.1	-0.034487911
820	19	3.1	-0.035230232
821	21	3.1	-0.035848543
822	23	3.1	-0.036342042
823	25	3.1	-0.03670869
824	27	3.1	-0.036946029
825	29	3.1	-0.037051656
826	31	3.1	-0.037023503
827	33	3.1	-0.036860018
828	35	3.1	-0.036560284
829	37	3.1	-0.0361241
830	39	3.1	-0.035552047
831	41	3.1	-0.034845531
832	43	3.1	-0.034006832
833	45	3.1	-0.033039136
834	47	3.1	-0.031946574
835	49	3.1	-0.030734263
836	51	3.1	-0.029408335
837	53	3.1	-0.027975986
838	55	3.1	-0.026445518
839	57	3.1	-0.024826388
840	59	3.1	-0.023129261
841	61	3.1	-0.021366076
842	63	3.1	-0.019550116
843	65	3.1	-0.017696086
844	67	3.1	-0.015820211
845	69	3.1	-0.01394034
846	71	3.1	-0.012076072
847	73	3.1	-0.010248901
848	75	3.1	-0.008482383
849	77	3.1	-0.006802336
850	79	3.1	-0.005237066
851	81	3.1	-0.003817642
852	9	2.9	-0.02833945
853	11	2.9	-0.029612619
854	13	2.9	-0.030702493
855	15	2.9	-0.031649101
856	17	2.9	-0.032470095
857	19	2.9	-0.033172497
858	21	2.9	-0.033758095
859	23	2.9	-0.034226113
860	25	2.9	-0.034574611
861	27	2.9	-0.034801252
862	29	2.9	-0.034903753
863	31	2.9	-0.034880146
864	33	2.9	-0.034728953
865	35	2.9	-0.034449292
866	37	2.9	-0.034040957
867	39	2.9	-0.033504481
868	41	2.9	-0.032841175
869	43	2.9	-0.032053172
870	45	2.9	-0.031143462
871	47	2.9	-0.030115929
872	49	2.9	-0.028975381
873	51	2.9	-0.027727588
874	53	2.9	-0.026379323
875	55	2.9	-0.024938401
876	57	2.9	-0.023413726
877	59	2.9	-0.021815343
878	61	2.9	-0.020154497
879	63	2.9	-0.0184437
880	65	2.9	-0.016696806
881	67	2.9	-0.0149291
882	69	2.9	-0.013157398
883	71	2.9	-0.011400165
884	73	2.9	-0.009677649
885	75	2.9	-0.008012041
886	77	2.9	-0.006427659
887	79	2.9	-0.004951163
888	81	2.9	-0.003611812
889	9	2.7	-0.026563327
890	11	2.7	-0.027761411
891	13	2.7	-0.028787486
892	15	2.7	-0.029679158
893	17	2.7	-0.030452995
894	19	2.7	-0.031115575
895	21	2.7	-0.031668558
896	23	2.7	-0.032111194
897	25	2.7	-0.032441639
898	27	2.7	-0.032657682
899	29	2.7	-0.032757154
900	31	2.7	-0.032738191
901	33	2.7	-0.032599383
902	35	2.7	-0.032339883
903	37	2.7	-0.031959482
904	39	2.7	-0.03145866
905	41	2.7	-0.030838633
906	43	2.7	-0.030101388
907	45	2.7	-0.029249718
908	47	2.7	-0.028287254
909	49	2.7	-0.027218499
910	51	2.7	-0.026048859
911	53	2.7	-0.024784681
912	55	2.7	-0.023433293
913	57	2.7	-0.022003046
914	59	2.7	-0.020503364
915	61	2.7	-0.018944798
916	63	2.7	-0.017339088
917	65	2.7	-0.015699238
918	67	2.7	-0.014039592
919	69	2.7	-0.012375934
920	71	2.7	-0.010725596
921	73	2.7	-0.009107582
922	75	2.7	-0.007542721
923	77	2.7	-0.006053834
924	79	2.7	-0.004665938
925	81	2.7	-0.003406486
926	9	2.5	-0.024787558
927	11	2.5	-0.025910642
928	13	2.5	-0.026873008
929	15	2.5	-0.027709835
930	17	2.5	-0.028436609
931	19	2.5	-0.029059463
932	21	2.5	-0.029579928
933	23	2.5	-0.029997281
934	25	2.5	-0.030309774
935	27	2.5	-0.030515317
936	29	2.5	-0.030611859
937	31	2.5	-0.030597635
938	33	2.5	-0.030471305
939	35	2.5	-0.030232056
940	37	2.5	-0.029879671
941	39	2.5	-0.029414581
942	41	2.5	-0.028837903
943	43	2.5	-0.028151478
944	45	2.5	-0.027357899
945	47	2.5	-0.026460546
946	49	2.5	-0.025463614
947	51	2.5	-0.024372143
948	53	2.5	-0.023192055
949	55	2.5	-0.02193019
950	57	2.5	-0.020594344
951	59	2.5	-0.019193321
952	61	2.5	-0.017736975
953	63	2.5	-0.016236277
954	65	2.5	-0.014703377
955	67	2.5	-0.013151683
956	69	2.5	-0.011595945
957	71	2.5	-0.010052362
958	73	2.5	-0.008538699
959	75	2.5	-0.007074421
960	77	2.5	-0.005680857
961	79	2.5	-0.004381388
962	81	2.5	-0.003201663
963	9	2.3	-0.023012139
964	11	2.3	-0.02406031
965	13	2.3	-0.024959057
966	15	2.3	-0.02574113
967	17	2.3	-0.026420935
968	19	2.3	-0.027004159
969	21	2.3	-0.027492204
970	23	2.3	-0.027884373
971	25	2.3	-0.028179014
972	27	2.3	-0.028374155
973	29	2.3	-0.028467866
974	31	2.3	-0.028458477
975	33	2.3	-0.028344717
976	35	2.3	-0.028125808
977	37	2.3	-0.027801524
978	39	2.3	-0.027372243
979	41	2.3	-0.026838985
980	43	2.3	-0.02620344
981	45	2.3	-0.025468005
982	47	2.3	-0.024635804
983	49	2.3	-0.023710724
984	51	2.3	-0.022697438
985	53	2.3	-0.021601443
986	55	2.3	-0.020429089
987	57	2.3	-0.019187618
988	59	2.3	-0.01788521
989	61	2.3	-0.016531025
990	63	2.3	-0.015135263
991	65	2.3	-0.013709222
992	67	2.3	-0.012265369
993	69	2.3	-0.010817427
994	71	2.3	-0.009380461
995	73	2.3	-0.007970995
996	75	2.3	-0.006607137
997	77	2.3	-0.005308728
998	79	2.3	-0.004097511
999	81	2.3	-0.002997342
1000	9	2.1	-0.021237069
1001	11	2.1	-0.022210414
1002	13	2.1	-0.023045629
1003	15	2.1	-0.023773042
1004	17	2.1	-0.024405972
1005	19	2.1	-0.024949662
1006	21	2.1	-0.025405385
1007	23	2.1	-0.025772468
1008	25	2.1	-0.026049356
1009	27	2.1	-0.026234195
1010	29	2.1	-0.026325172
1011	31	2.1	-0.026320714
1012	33	2.1	-0.026219618
1013	35	2.1	-0.026021137
1014	37	2.1	-0.025725037
1015	39	2.1	-0.025331643
1016	41	2.1	-0.024841874
1017	43	2.1	-0.024257272
1018	45	2.1	-0.023580031
1019	47	2.1	-0.022813024
1020	49	2.1	-0.021959825
1021	51	2.1	-0.021024742
1022	53	2.1	-0.020012842
1023	55	2.1	-0.018929987
1024	57	2.1	-0.017782864
1025	59	2.1	-0.016579028
1026	61	2.1	-0.015326945
1027	63	2.1	-0.014036043
1028	65	2.1	-0.012716767
1029	67	2.1	-0.011380648
1030	69	2.1	-0.010040376
1031	71	2.1	-0.008709887
1032	73	2.1	-0.007404468
1033	75	2.1	-0.006140868
1034	77	2.1	-0.004937442
1035	79	2.1	-0.003814305
1036	81	2.1	-0.002793521
1037	9	1.9	-0.019462345
1038	11	1.9	-0.02036095
1039	13	1.9	-0.021132724
1040	15	1.9	-0.021805568
1041	17	1.9	-0.022391716
1042	19	1.9	-0.022895968
1043	21	1.9	-0.023319467
1044	23	1.9	-0.023661564
1045	25	1.9	-0.023920798
1046	27	1.9	-0.024095435
1047	29	1.9	-0.024183776
1048	31	1.9	-0.024184345
1049	33	1.9	-0.024096006
1050	35	1.9	-0.023918042
1051	37	1.9	-0.023650209
1052	39	1.9	-0.023292779
1053	41	1.9	-0.022846569
1054	43	1.9	-0.022312971
1055	45	1.9	-0.021693977
1056	47	1.9	-0.020992203
1057	49	1.9	-0.020210915
1058	51	1.9	-0.019354051
1059	53	1.9	-0.018426249
1060	55	1.9	-0.017432881
1061	57	1.9	-0.016380079
1062	59	1.9	-0.015274772
1063	61	1.9	-0.014124731
1064	63	1.9	-0.012938613
1065	65	1.9	-0.01172601
1066	67	1.9	-0.010497516
1067	69	1.9	-0.00926479
1068	71	1.9	-0.00804064
1069	73	1.9	-0.006839114
1070	75	1.9	-0.00567561
1071	77	1.9	-0.004566998
1072	79	1.9	-0.003531767
1073	81	1.9	-0.002590198
1074	9	1.7	-0.017687965
1075	11	1.7	-0.018511917
1076	13	1.7	-0.01922034
1077	15	1.7	-0.019838705
1078	17	1.7	-0.020378167
1079	19	1.7	-0.020843077
1080	21	1.7	-0.021234449
1081	23	1.7	-0.021551659
1082	25	1.7	-0.021793339
1083	27	1.7	-0.021957873
1084	29	1.7	-0.022043676
1085	31	1.7	-0.022049368
1086	33	1.7	-0.021973878
1087	35	1.7	-0.02181652
1088	37	1.7	-0.021577038
1089	39	1.7	-0.021255649
1090	41	1.7	-0.020853068
1091	43	1.7	-0.020370535
1092	45	1.7	-0.019809839
1093	47	1.7	-0.01917334
1094	49	1.7	-0.018463992
1095	51	1.7	-0.017685362
1096	53	1.7	-0.016841662
1097	55	1.7	-0.015937769
1098	57	1.7	-0.014979259
1099	59	1.7	-0.013972438
1100	61	1.7	-0.012924381
1101	63	1.7	-0.01184297
1102	65	1.7	-0.010736948
1103	67	1.7	-0.009615969
1104	69	1.7	-0.008490664
1105	71	1.7	-0.007372714
1106	73	1.7	-0.006274931
1107	75	1.7	-0.005211361
1108	77	1.7	-0.004197394
1109	79	1.7	-0.003249897
1110	81	1.7	-0.002387371
1111	9	1.5	-0.015913927
1112	11	1.5	-0.016663313
1113	13	1.5	-0.017308473
1114	15	1.5	-0.017872453
1115	17	1.5	-0.018365321
1116	19	1.5	-0.018790986
1117	21	1.5	-0.01915033
1118	23	1.5	-0.019442751
1119	25	1.5	-0.019666977
1120	27	1.5	-0.019821507
1121	29	1.5	-0.01990487
1122	31	1.5	-0.01991578
1123	33	1.5	-0.019853233
1124	35	1.5	-0.019716569
1125	37	1.5	-0.019505522
1126	39	1.5	-0.019220251
1127	41	1.5	-0.018861369
1128	43	1.5	-0.018429962
1129	45	1.5	-0.017927615
1130	47	1.5	-0.017356432
1131	49	1.5	-0.016719052
1132	51	1.5	-0.016018673
1133	53	1.5	-0.015259076
1134	55	1.5	-0.014444646
1135	57	1.5	-0.013580401
1136	59	1.5	-0.012672023
1137	61	1.5	-0.011725889
1138	63	1.5	-0.01074911
1139	65	1.5	-0.009749576
1140	67	1.5	-0.008736004
1141	69	1.5	-0.007717997
1142	71	1.5	-0.006706107
1143	73	1.5	-0.005711916
1144	75	1.5	-0.004748118
1145	77	1.5	-0.003828626
1146	79	1.5	-0.002968691
1147	81	1.5	-0.002185039
1148	9	1.3	-0.014140229
1149	11	1.3	-0.014815135
1150	13	1.3	-0.015397122
1151	15	1.3	-0.015906808
1152	17	1.3	-0.016353177
1153	19	1.3	-0.016739694
1154	21	1.3	-0.017067107
1155	23	1.3	-0.017334839
1156	25	1.3	-0.017541709
1157	27	1.3	-0.017686334
1158	29	1.3	-0.017767356
1159	31	1.3	-0.017783581
1160	33	1.3	-0.017734068
1161	35	1.3	-0.017618187
1162	37	1.3	-0.017435659
1163	39	1.3	-0.017186583
1164	41	1.3	-0.016871469
1165	43	1.3	-0.016491249
1166	45	1.3	-0.016047303
1167	47	1.3	-0.015541476
1168	49	1.3	-0.014976093
1169	51	1.3	-0.014353981
1170	53	1.3	-0.013678489
1171	55	1.3	-0.01295351
1172	57	1.3	-0.012183503
1173	59	1.3	-0.011373525
1174	61	1.3	-0.010529254
1175	63	1.3	-0.00965703
1176	65	1.3	-0.008763891
1177	67	1.3	-0.007857617
1178	69	1.3	-0.006946783
1179	71	1.3	-0.006040816
1180	73	1.3	-0.005150065
1181	75	1.3	-0.004285877
1182	77	1.3	-0.003460692
1183	79	1.3	-0.002688147
1184	81	1.3	-0.001983201
1185	9	1.1	-0.012366868
1186	11	1.1	-0.012967381
1187	13	1.1	-0.013486284
1188	15	1.1	-0.013941769
1189	17	1.1	-0.014341734
1190	19	1.1	-0.014689197
1191	21	1.1	-0.014984777
1192	23	1.1	-0.01522792
1193	25	1.1	-0.015417535
1194	27	1.1	-0.015552354
1195	29	1.1	-0.015631132
1196	31	1.1	-0.015652768
1197	33	1.1	-0.015616383
1198	35	1.1	-0.015521374
1199	37	1.1	-0.015367446
1200	39	1.1	-0.015154643
1201	41	1.1	-0.014883366
1202	43	1.1	-0.014554394
1203	45	1.1	-0.0141689
1204	47	1.1	-0.01372847
1205	49	1.1	-0.013235112
1206	51	1.1	-0.012691283
1207	53	1.1	-0.012099898
1208	55	1.1	-0.011464357
1209	57	1.1	-0.010788561
1210	59	1.1	-0.010076938
1211	61	1.1	-0.009334471
1212	63	1.1	-0.008566726
1213	65	1.1	-0.00777989
1214	67	1.1	-0.006980805
1215	69	1.1	-0.00617702
1216	71	1.1	-0.005376837
1217	73	1.1	-0.004589375
1218	75	1.1	-0.003824637
1219	77	1.1	-0.00309359
1220	79	1.1	-0.002408264
1221	81	1.1	-0.001781854
1222	9	0.9	-0.010593842
1223	11	0.9	-0.01112005
1224	13	0.9	-0.011575959
1225	15	0.9	-0.011977333
1226	17	0.9	-0.012330988
1227	19	0.9	-0.012639495
1228	21	0.9	-0.012903341
1229	23	0.9	-0.013121992
1230	25	0.9	-0.013294451
1231	27	0.9	-0.013419564
1232	29	0.9	-0.013496196
1233	31	0.9	-0.013523338
1234	33	0.9	-0.013500174
1235	35	0.9	-0.013426125
1236	37	0.9	-0.013300882
1237	39	0.9	-0.013124428
1238	41	0.9	-0.012897058
1239	43	0.9	-0.012619395
1240	45	0.9	-0.012292404
1241	47	0.9	-0.01191741
1242	49	0.9	-0.011496107
1243	51	0.9	-0.011030576
1244	53	0.9	-0.010523301
1245	55	0.9	-0.009977185
1246	57	0.9	-0.009395571
1247	59	0.9	-0.00878226
1248	61	0.9	-0.008141537
1249	63	0.9	-0.007478195
1250	65	0.9	-0.006797569
1251	67	0.9	-0.006105565
1252	69	0.9	-0.005408705
1253	71	0.9	-0.004714168
1254	73	0.9	-0.004029844
1255	75	0.9	-0.003364394
1256	77	0.9	-0.002727318
1257	79	0.9	-0.00212904
1258	81	0.9	-0.001580997
1259	9	0.7	-0.008821149
1260	11	0.7	-0.009273138
1261	13	0.7	-0.009666142
1262	15	0.7	-0.010013498
1263	17	0.7	-0.010320937
1264	19	0.7	-0.010590584
1265	21	0.7	-0.010822794
1266	23	0.7	-0.011017053
1267	25	0.7	-0.011172457
1268	27	0.7	-0.011287963
1269	29	0.7	-0.011362547
1270	31	0.7	-0.011395292
1271	33	0.7	-0.011385441
1272	35	0.7	-0.01133244
1273	37	0.7	-0.011235965
1274	39	0.7	-0.011095936
1275	41	0.7	-0.010912542
1276	43	0.7	-0.010686249
1277	45	0.7	-0.010417813
1278	47	0.7	-0.010108295
1279	49	0.7	-0.009759075
1280	51	0.7	-0.009371857
1281	53	0.7	-0.008948694
1282	55	0.7	-0.008491991
1283	57	0.7	-0.008004531
1284	59	0.7	-0.007489489
1285	61	0.7	-0.006950449
1286	63	0.7	-0.006391434
1287	65	0.7	-0.005816925
1288	67	0.7	-0.005231893
1289	69	0.7	-0.004641834
1290	71	0.7	-0.004052805
1291	73	0.7	-0.003471468
1292	75	0.7	-0.002905145
1293	77	0.7	-0.002361873
1294	79	0.7	-0.001850471
1295	81	0.7	-0.001380629
1296	9	0.5	-0.007048787
1297	11	0.5	-0.007426643
1298	13	0.5	-0.007756833
1299	15	0.5	-0.008050263
1300	17	0.5	-0.008311581
1301	19	0.5	-0.008542464
1302	21	0.5	-0.008743135
1303	23	0.5	-0.008913103
1304	25	0.5	-0.009051549
1305	27	0.5	-0.009157548
1306	29	0.5	-0.009230183
1307	31	0.5	-0.009268625
1308	33	0.5	-0.00927218
1309	35	0.5	-0.009240317
1310	37	0.5	-0.009172692
1311	39	0.5	-0.009069166
1312	41	0.5	-0.008929818
1313	43	0.5	-0.008754954
1314	45	0.5	-0.008545123
1315	47	0.5	-0.008301123
1316	49	0.5	-0.008024013
1317	51	0.5	-0.007715124
1318	53	0.5	-0.007376073
1319	55	0.5	-0.007008771
1320	57	0.5	-0.006615438
1321	59	0.5	-0.00619862
1322	61	0.5	-0.005761204
1323	63	0.5	-0.005306439
1324	65	0.5	-0.004837954
1325	67	0.5	-0.004359785
1326	69	0.5	-0.003876404
1327	71	0.5	-0.003392744
1328	73	0.5	-0.002914245
1329	75	0.5	-0.002446889
1330	77	0.5	-0.001997252
1331	79	0.5	-0.001572558
1332	81	0.5	-0.001180747